# Eagle project data for plots. Eagle cosmogony is assumed.
# Bin centre [Msun], Z_030kpc (16th, 50th, 84th percentiles) [Zsun], N_per_bin, Z_NoAp [Zsun], N_per_bin
       1807952.4     0.242018     0.346536     0.562343      78.0000     0.230547     0.346536     0.562343      79.0000
       2865411.4     0.293151     0.423009     0.655689      110.000     0.293151     0.419394     0.655689      111.000
       4541371.1     0.282412     0.490028     0.772035      125.000     0.278014     0.495237     0.794151      124.000
       7197588.2     0.332522     0.540806     0.831699      105.000     0.332522     0.530032     0.831699      105.000
       11407409.     0.251999     0.589351     0.969253      103.000     0.257514     0.600280     0.969253      102.000
       18079524.     0.299733     0.583090     0.918494      91.0000     0.287342     0.583090     0.918494      92.0000
       28654115.     0.294002     0.679031      1.00676      99.0000     0.304265     0.679031     0.992854      100.000
       45413713.     0.269150     0.514410      1.02368      83.0000     0.258441     0.509834      1.02368      81.0000
       71975884.     0.328422     0.615376      1.17879      86.0000     0.328422     0.615376      1.17879      86.0000
   1.1407409e+08     0.300600     0.574354      1.39811      93.0000     0.310817     0.579524      1.39811      95.0000
   1.8079525e+08     0.384727     0.656153      1.34896      86.0000     0.416744     0.661715      1.34896      83.0000
   2.8654116e+08     0.412498     0.638391      1.12171      90.0000     0.403722     0.637585      1.12171      91.0000
   4.5413714e+08     0.456655     0.750008      1.34372      69.0000     0.393455     0.737685      1.34372      71.0000
   7.1975887e+08     0.671184      1.00793      1.80771      52.0000     0.671184      1.01911      1.80771      50.0000
   1.1407409e+09     0.834283      1.29297      2.33636      62.0000     0.807997      1.29297      2.33636      62.0000
   1.8079526e+09     0.881624      1.23787      1.89964      43.0000     0.853946      1.22922      1.89964      45.0000
   2.8654117e+09      1.03937      1.20075      2.65090      25.0000      1.03937      1.20075      2.65090      25.0000
   4.5413716e+09      1.31673      1.72248      4.28989      22.0000      1.31673      1.72248      4.28989      22.0000
   7.1975889e+09      1.24326      1.67431      2.14423      37.0000      1.24326      1.68465      2.28499      35.0000
   1.1407410e+10      1.48865      1.82634      2.45876      27.0000      1.47935      1.82634      2.45876      28.0000
   1.8079526e+10      1.48751      1.92379      4.15311      24.0000      1.57064      1.86150      4.15311      21.0000
   2.8654118e+10      1.53747      2.01027      2.48801      15.0000      1.34727      1.90234      2.49756      15.0000
   4.5413717e+10      1.47123      2.43341      3.58007      10.0000      1.65949      2.21892      2.83814      9.00000
   7.1975892e+10      1.53933      3.08566      3.65658      3.00000      2.43341      3.08566      3.65658      7.00000
