# Eagle project data for plots. Eagle cosmogony is assumed.
# Bin centre [Msun], Z_030kpc (16th, 50th, 84th percentiles) [Zsun], N_030kpc, Z_NoAp [Zsun], N_NoAp
       18079524.     0.367629     0.647693      1.09677      2948.00     0.369060     0.645382      1.09438      2935.00
       28654115.     0.470921     0.790593      1.29598      3198.00     0.463766     0.788043      1.29401      3180.00
       45413713.     0.569946     0.950152      1.42438      3538.00     0.567005     0.948342      1.42260      3520.00
       71975884.     0.727976      1.11212      1.63483      3605.00     0.714507      1.10514      1.63376      3576.00
   1.1407409e+08     0.859589      1.30037      1.88008      3675.00     0.855565      1.29612      1.87545      3692.00
   1.8079525e+08      1.01579      1.48868      2.09587      3439.00      1.01096      1.48264      2.08802      3428.00
   2.8654116e+08      1.12256      1.68052      2.33859      3051.00      1.11423      1.67176      2.33227      3076.00
   4.5413714e+08      1.18280      1.78387      2.58791      2622.00      1.18558      1.78350      2.58685      2621.00
   7.1975887e+08      1.24186      1.98148      2.83227      2339.00      1.24234      1.97488      2.82188      2345.00
   1.1407409e+09      1.33873      2.10555      3.10153      2128.00      1.33827      2.10555      3.09587      2150.00
   1.8079526e+09      1.40549      2.14823      3.33561      1826.00      1.40060      2.16779      3.33030      1817.00
   2.8654117e+09      1.54311      2.23187      3.62247      1653.00      1.51841      2.22419      3.62751      1654.00
   4.5413716e+09      1.64761      2.32313      3.70020      1346.00      1.64761      2.33336      3.71494      1358.00
   7.1975889e+09      1.77601      2.44516      4.18891      1097.00      1.77607      2.43327      4.18489      1100.00
   1.1407410e+10      1.84717      2.51228      4.17077      951.000      1.83180      2.50541      4.20076      920.000
   1.8079526e+10      1.95516      2.63088      4.19899      800.000      1.94013      2.61561      4.17852      802.000
   2.8654118e+10      1.98184      2.81373      4.07909      612.000      2.07096      2.80606      4.10679      591.000
   4.5413717e+10      1.78716      2.78112      3.83163      437.000      1.87889      2.79643      3.96171      436.000
   7.1975892e+10      1.42451      2.69607      3.90052      271.000      1.53473      2.75876      3.83714      275.000
   1.1407410e+11      1.33733      2.37823      3.70647      143.000      1.28056      2.33099      3.70647      155.000
   1.8079527e+11     0.742536      2.23059      3.83047      48.0000      1.25285      2.25089      3.82962      86.0000
   2.8654119e+11      1.52244      2.52062      3.97914      20.0000     0.803728      1.86957      3.61725      41.0000
   4.5413719e+11      2.11773      2.41397      2.45612      4.00000      1.19908      2.48274      4.06402      18.0000

