# Name Type  Distance  Ks  M_Ks  M_V  V-K  B-V  Mbulge eMbulge  MBH/1e6 MBHlo MBHhi  sig esig
M32 E2 0.805 7 5.10  -19.45 -16.64 2.816 0.895 9.05  0.10 2.45 1.43 3.46  77  3 1 0 1 van den Bosch+2010
NGC1316 E4 20.95 1 5.32  -26.29 -23.38 2.910 0.871 11.84  0.09 169 139 197  226  9 1 0 0 Nowak + 2008
NGC1332 E6 22.66 2 7.05  -24.73 -21.58 3.159 0.931 11.27  0.09 1470 1270 1680  328  9 1 0 0 Rusli + 2011
NGC1374 E0 19.57 1 8.16  -23.30 -20.43 2.874 0.908 10.65  0.09 590 539 651  167  03 1 0 1 Rusli+2013
NGC1399 E1 20.85 1 6.31  -25.29 -22.43 2.863 0.948 11.50  0.09 881 435 1781  315  03 1 1 0 see notes
NGC1407 E0 29.00 2 6.46  -25.87 -22.89 2.980 0.969 11.74  0.09 4650 4240 5380  276  2 1 1 1 Rusli+2013
NGC1550 E1 52.50 9 8.77  -24.87 -21.89 2.974 0.963 11.33  0.09 3870 3160 4480  270  10 1 1 1 Rusli+2013
NGC2778 E2 23.44 2 9.51  -22.34 -19.39 2.955 0.911 10.26  0.09 14.5 0.01 29.1  175  8 1 0 1 Schulze + 2011
NGC2960 E2 67.1 9 9.78  -24.36 -21.30 3.068 0.880 11.06  0.09 10.8 10.3 11.2  166  16 3 0 0 Kuo + 2011
NGC3091 E3 53.02 9 8.09  -25.54 -22.56 2.980 0.962 11.61  0.09 3720 3210 3830  297  12 1 1 1 Rusli+2013
NGC3377 E5 10.99 2 7.16  -23.06 -20.08 2.980 0.830 10.50  0.09 178 085 272  145  7 1 0 1 Schulze + 2011
NGC3379 E1 10.70 2 6.27  -23.88 -21.01 2.867 0.939 10.91  0.09 416 312 520  206  10 1 1 1 van den Bosch+2010
NGC3607 E1 22.65 2 6.99  -24.79 -21.92 2.872 0.911 11.26  0.09 137 90 182  229  11 1 1 0 G¨ultekin + 2009b
NGC3608 E1 22.75 2 7.62  -24.17 -21.19 2.980 0.921 11.01  0.09 465 366 564  182  9 1 1 1 Schulze + 2011
NGC3842 E1 92.2 9 8.84  -25.99 -23.01 2.980 0.941 11.77  0.09 9090 6280 11430  270  27 1 1 1 McConnell + 2012
NGC4261 E2 32.36 2 6.94  -25.62 -22.64 2.980 0.974 11.65  0.09 529 421 636  315  15 2 1 0 Ferrarese + 1996
NGC4291 E2 26.58 2 8.42  -23.72 -20.76 2.954 0.927 10.85  0.09 978 670 1286  242  12 1 1 1 Schulze + 2011
NGC4374 E1 18.51 1 5.75  -25.60 -22.62 2.980 0.945 11.62  0.09 925 838 1023  296  14 2 1 0 Walsh + 2010
NGC4382 E2 17.88 1 5.76  -25.51 -22.53 2.980 0.863 11.51  0.09 13.0 0.01 224   182  5 1 1 0 G¨ultekin + 2011
NGC4459 E2 16.01 1 7.15  -23.88 -20.91 2.975 0.909 10.88  0.09 69.6 56.2 82.9  167  8 2 0 0 Sarzi + 2001
NGC4472 E2 16.72 1 4.97  -26.16 -23.18 2.980 0.940 11.84  0.09 2540 2440 3120  300  7 1 1 1 Rusli + 2013
NGC4473 E5 15.25 1 7.16  -23.77 -20.89 2.874 0.935 10.85  0.09 9.0 4.5 13.5  190  9 1 0 1 Schulze + 2011
M87 E1 16.68 1 5.27  -25.85 -22.87 2.980 0.940 11.72  0.09 6150 5780 6530  324 28 1 1 1 Gebhardt + 2011
NGC4486A E2 18.36 1 9.49  -21.83 -18.85 2.980 -20 10.04  0.09 14.4 9.2 19.7  111  5 1 0 0 Nowak + 2007
NGC4486B E0 16.26 1 10.39  -20.67 -17.69 2.980 0.991 9.64  0.10 600.  400. 900.   185  9 1 0 0 Kormendy + 1997
NGC4649 E2 16.46 1 5.49  -25.61 -22.63 2.980 0.947 11.64  0.09 4720 3670 5760  380  19 1 1 1 Shen+Gebhardt 2010
NGC4697 E5 12.54 1 6.37  -24.13 -21.33 2.799 0.883 10.97  0.09 202 152 253  177  8 1 0 1 Schulze + 2011
NGC4751 E6 32.81 2 8.24  -24.38 -21.22 3.158 0.983 11.16  0.09 2440 2070 2560  355  14 1 0 1 Rusli + 2013
NGC4889 E4 102.0 9 8.41  -26.64 -23.63 3.007 1.031 12.09  0.09 20800 4900 36600 347  5 1 1 1 McConnell + 2012
NGC5077 E3 38.7 9 8.22  -24.74 -21.66 2.949 0.987 11.28  0.09 855 407 1293  222  11 2 1 0 De Francesco+2008
NGC5128 E 3.62 6 3.49  -24.34 -21.36 2.980 0.898 11.05  0.09 56.9 46.5 67.3  150  7 1 1 0 Cappellari + 2009
NGC5516 E3 55.3 9 8.31  -25.47 -22.50 2.970 0.993 11.60  0.09 3690 2650 3790  328  11 1 1 1 Rusli + 2013
NGC5576 E3 25.68 2 7.83  -24.23 -21.29 2.939 0.862 11.00  0.09 273 194 341  183  9 1 1 0 G¨ultekin + 2009b
NGC5845 E3 25.87 2 9.11  -22.97 -19.73 3.238 0.973 10.57  0.09 487 334 640  239  11 1 0 1 Schulze + 2011
NGC6086 E 138.0 9 9.97  -25.74 -22.84 2.884 0.965 11.69  0.09 3740 2590 5500  318  2 1 1 1 McConnell + 2011b
NGC6251 E1 108.4 9 9.03  -26.18 -23.18 2.998 -20 11.88  0.09 614 409 818  290  14 2 1 0 Ferrarese + 1999
NGC6861 E4 28.71 2 7.71  -24.60 -21.42 3.179 0.962 11.25  0.09 2100 2000 2730  389  3 1 0 1 Rusli + 2013
NGC7052 E3 70.4 9 8.57  -25.70 -22.86 2.841 0.86 11.61  0.10 396 240 672  266  13 2 1 0 van derMarel+1998b
NGC7619 E3 53.85 2 8.03  -25.65 -22.83 2.821 0.969 11.65  0.09 2300 2190 3450  292  5 1 1 1 Rusli + 2013
NGC7768 E4 116.0 9 9.34  -26.00 -23.19 2.811 0.906 11.75  0.09 1340 930 1850  257  26 1 1 1 McConnell + 2012
IC1459 E4 28.92 2 6.81  -25.51 -22.42 3.081 0.966 11.60  0.09 2480 2290 2960  331  5 1 0 0 Cappellari + 2002
A1836 BCGE 152.4 9 9.99  -25.95 -22.64 3.310 1.043 11.81  0.10 3740 3220 4160  288  14 2 1 0 DallaBont´a+2009
A3565 BCGE 49.2 9 7.50  -25.98 -23.03 2.948 0.956 11.78  0.09 1300 1110 1500  322  16 2 1 0 DallaBont´a+2009

