#log SFR     comoving galaxy number density     Error
#[M yr −1 ]  [dex −1 Mpc −3 ]                   [dex −1 Mpc −3 ]
-2.85        5.82e-4                            1.71e-4
-2.55        9.48e-4                            2.16e-4
-2.25        2.66e-3                            4.10e-4
-1.95        5.69e-3                            6.70e-4
-1.65        1.27e-2                            9.34e-4
-1.35        1.85e-2                            9.02e-4
-1.05        1.98e-2                            8.23e-4
-0.75        1.68e-2                            5.20e-4
-0.45        1.18e-2                            3.11e-4
-0.15        8.32e-3                            2.07e-4
0.10         5.41e-3                            1.21e-4
0.33         2.78e-3                            6.34e-5
0.62         1.20e-3                            4.40e-5
0.87         3.66e-4                            1.81e-5
1.10         8.33e-5                            7.82e-6
1.26         1.51e-5                            4.60e-6
1.27         2.19e-6                            2.41e-6
1.48         5.01e-7                            1.59e-6
1.93         1.98e-7                            3.45e-7
1.97         3.81e-8                            1.96e-7