#log sSFR comving galaxy number density Jacknife error
#[yr −1 ] [dex −1 Mpc −3 ] [dex −1 Mpc −3 ]
-12.9    4.32e-7           1.90e-7
-12.7    9.68e-7           2.42e-7
-12.5    6.20e-6           6.41e-7
-12.3    8.11e-5           4.99e-6
-12.1    7.92e-4           2.24e-5
-11.9    2.47e-3           6.50e-5
-11.7    3.04e-3           8.00e-5
-11.5    2.71e-3           7.17e-5
-11.3    2.59e-3           8.02e-5
-11.1    2.71e-3           9.58e-5
-10.9    3.04e-3           1.22e-4
-10.7    3.79e-3           1.55e-4
-10.5    5.23e-3           1.72e-4
-10.3    7.31e-3           1.97e-4
-10.1    1.01e-2           2.58e-4
-9.9     1.18e-2           3.09e-4
-9.7     8.76e-3           2.58e-4
-9.5     4.30e-3           1.32e-4
-9.3     1.14e-3           4.34e-5
-9.1     2.94e-4           3.60e-5
-8.9     8.15e-5           8.58e-6
-8.7     2.72e-5           1.27e-5
-8.5     4.68e-6           1.60e-6
-8.3     2.20e-6           8.32e-7
-8.1     8.01e-8           1.11e-6