8.00 -1.37 +0.06 -0.07 -20 0 0 -20 0 0 -20 0 0 -20 0 0 -20 0 0 -20 0 0 -20 0 0
8.25 -1.53 +0.06 -0.07 -1.53 +0.06 -0.07 -20 0 0 -20 0 0 -20 0 0 -20 0 0 -20 0 0 -20 0 0
8.50 -1.71 +0.07 -0.08 -1.60 +0.05 -0.06 -1.70 +0.05 -0.06 -20 0 0 -20 0 0 -20 0 0 -20 0 0 -20 0 0 
8.75 -1.86 +0.07 -0.08 -1.76 +0.06 -0.06 -1.86 +0.05 -0.06 -1.99 +0.06 -0.06 -2.02 +0.06 -0.07 -20 0 0 -20 0 0 -20 0 0
9.00 -2.03 +0.08 -0.09 -1.86 +0.06 -0.07 -2.01 +0.06 -0.06 -2.14 +0.06 -0.07 -2.14 +0.06 -0.07 -2.20 +0.05 -0.06 -20 0 0 -20 0 0
9.25 -2.01 +0.07 -0.08 -2.00 +0.06 -0.07 -2.10 +0.06 -0.07 -2.24 +0.06 -0.07 -2.28 +0.06 -0.07 -2.31 +0.05 -0.06 -2.53 +0.06 -0.07 -20 0 0
9.50 -2.10 +0.07 -0.09 -2.12 +0.07 -0.08 -2.23 +0.06 -0.07 -2.29 +0.06 -0.07 -2.46 +0.07 -0.08 -2.41 +0.05 -0.06 -2.50 +0.06 -0.07 -2.65 +0.06 -0.07
9.75 -2.17 +0.08 -0.10 -2.21 +0.06 -0.07 -2.39 +0.07 -0.08 -2.48 +0.07 -0.08 -2.53 +0.07 -0.08 -2.54 +0.06 -0.06 -2.63 +0.06 -0.07 -2.78 +0.07 -0.08
10.00 -2.24 +0.08 -0.10 -2.25 +0.06 -0.08 -2.45 +0.07 -0.09 -2.59 +0.08 -0.09 -2.61 +0.08 -0.09 -2.67 +0.06 -0.07 -2.74 +0.07 -0.08 -3.02 +0.08 -0.09
10.25 -2.31 +0.08 -0.09 -2.35 +0.07 -0.08 -2.45 +0.07 -0.09 -2.73 +0.08 -0.10 -2.68 +0.08 -0.09 -2.76 +0.06 -0.07 -2.91 +0.08 -0.09 -3.21 +0.09 -0.10
10.50 -2.41 +0.08 -0.10 -2.45 +0.07 -0.09 -2.52 +0.08 -0.09 -2.64 +0.07 -0.09 -2.71 +0.08 -0.09 -2.87 +0.07 -0.08 -3.07 +0.09 -0.10 -3.35 +0.10 -0.13
10.75 -2.53 +0.09 -0.11 -2.55 +0.08 -0.09 -2.59 +0.08 -0.10 -2.72 +0.08 -0.10 -2.84 +0.08 -0.10 -3.03 +0.08 -0.09 -3.35 +0.10 -0.13 -3.74 +0.13 -0.17
11.00 -2.91 +0.11 -0.15 -2.82 +0.09 -0.11 -2.93 +0.10 -0.13 -3.01 +0.10 -0.12 -3.12 +0.10 -0.13 -3.13 +0.08 -0.10 -3.54 +0.12 -0.16 -4.00 +0.18 -0.25
11.25 -3.46 +0.14 -0.18 -3.32 +0.10 -0.13 -3.47 +0.11 -0.15 -3.62 +0.11 -0.15 -3.65 +0.12 -0.16 -3.56 +0.10 -0.13 -3.89 +0.12 -0.17 -4.14 +0.17 -0.28
11.50 -20 0 0 -20 0 0 -20 0 0 -20 0 0 -4.99 +0.30 -0.41 -4.27 +0.12 -0.15 -4.41 +0.14 -0.19 -4.73 +0.31 -2.00
