# 0.5 < z < 1.0 
0.5 8.7 -0.38   0.11 8.83   0.09 9.15   0.01 -0.37   0.11 8.75   0.11 9.18   0.01 -1.74
0.5 8.9 -0.20   0.05 9.09   0.05 9.32   0.01 -0.19   0.05 9.05   0.05 9.34   0.01 -1.73
0.5 9.1 0.05   0.03 9.59   0.03 9.47   0.01 0.09   0.03 9.64   0.02 9.49   0.01 -1.67
0.5 9.3 0.23   0.02 9.85   0.02 9.59   0.01 0.27   0.02 9.92   0.01 9.61   0.01 -1.49
0.5 9.5 0.45   0.02 10.17   0.01 9.70   0.01 0.53   0.02 10.28   0.01 9.73   0.01 -1.32
0.5 9.7 0.65   0.02 10.45   0.02 9.76   0.01 0.75   0.02 10.57   0.01 9.81   0.01 -1.08
0.5 9.9 0.78   0.03 10.63   0.02 9.75   0.02 0.88   0.03 10.75   0.01 9.81   0.02 -0.84
0.5 10.1 0.99   0.07 10.89   0.02 9.72   0.07 1.11   0.07 11.01   0.01 9.82   0.05 -0.55
0.5 10.3 1.06   0.05 10.96   0.02 9.75   0.02 1.18   0.05 11.09   0.01 9.83   0.01 -0.42
0.5 10.5 1.09   0.07 11.01   0.02 9.65   0.03 1.21   0.07 11.13   0.01 9.75   0.03 -0.27
0.5 10.7 1.22   0.07 11.13   0.02 9.86   0.01 1.36   0.07 11.28   0.01 9.91   0.01 -0.37
0.5 10.9 1.21   0.08 11.13   0.02 9.79   0.02 1.34   0.08 11.27   0.01 9.87   0.02 -0.27
0.5 11.1 1.27   0.10 11.19   0.03 9.92   0.03 1.40   0.10 11.32   0.02 9.97   0.02 -0.42
# 1.0 < z < 1.5 
1.0 9.1 0.17   0.08 9.59   0.08 9.64   0.01 0.19   0.08 9.58   0.08 9.67   0.01 -1.76
1.0 9.3 0.38   0.05 9.96   0.04 9.77   0.01 0.37   0.05 9.87   0.05 9.80   0.01 -1.70
1.0 9.5 0.64   0.02 10.36   0.02 9.89   0.01 0.68   0.02 10.41   0.02 9.91   0.01 -1.55
1.0 9.7 0.81   0.02 10.60   0.02 9.95   0.01 0.85   0.02 10.64   0.01 9.98   0.01 -1.38
1.0 9.9 1.02   0.03 10.88   0.02 9.96   0.03 1.12   0.03 10.99   0.01 10.02   0.02 -1.17
1.0 10.1 1.18   0.04 11.06   0.02 10.02   0.03 1.29   0.04 11.19   0.01 10.06   0.03 -0.97
1.0 10.3 1.35   0.04 11.27   0.02 9.90   0.02 1.44   0.04 11.37   0.01 10.00   0.02 -0.71
1.0 10.5 1.47   0.05 11.40   0.02 9.92   0.03 1.61   0.05 11.54   0.01 9.99   0.02 -0.54
1.0 10.7 1.58   0.05 11.52   0.02 9.97   0.01 1.70   0.05 11.64   0.01 10.01   0.01 -0.27
1.0 10.9 1.69   0.08 11.63   0.03 10.01   0.01 1.82   0.08 11.76   0.02 10.06   0.01 -0.20
1.0 11.1 1.74   0.13 11.68   0.05 10.10   0.03 1.80   0.13 11.74   0.04 10.16   0.02 -0.13
1.0 11.3 1.81   0.11 11.76   0.06 10.00   0.04 1.93   0.11 11.87   0.05 10.17   0.03 -0.21
# 1.5 < z < 2.0 
1.5 9.2 0.48   0.07 10.00   0.06 9.91   0.01 0.47   0.07 9.89   0.08 9.94   0.01 -1.71
1.5 9.4 0.70   0.03 10.35   0.02 10.02   0.01 0.77   0.03 10.46   0.02 10.06   0.01 -1.59
1.5 9.7 0.94   0.02 10.70   0.02 10.13   0.01 0.97   0.02 10.73   0.02 10.16   0.01 -1.47
1.5 9.9 1.15   0.03 11.00   0.02 10.15   0.02 1.22   0.03 11.06   0.02 10.21   0.01 -1.25
1.5 10.1 1.38   0.03 11.29   0.02 10.11   0.02 1.45   0.03 11.35   0.01 10.20   0.02 -0.99
1.5 10.3 1.54   0.04 11.47   0.02 10.08   0.02 1.62   0.04 11.55   0.02 10.19   0.02 -0.78
1.5 10.5 1.70   0.10 11.65   0.02 9.99   0.11 1.81   0.10 11.76   0.02 10.10   0.09 -0.61
1.5 10.7 1.83   0.07 11.78   0.02 10.01   0.03 1.91   0.07 11.85   0.02 10.09   0.02 -0.33
1.5 10.9 1.90   0.11 11.84   0.03 10.01   0.08 1.99   0.11 11.94   0.02 10.08   0.07 -0.24
1.5 11.1 2.02   0.10 11.97   0.04 10.06   0.03 2.13   0.10 12.08   0.03 10.09   0.03 -0.19
1.5 11.3 2.19   0.09 12.14   0.04 10.23   0.03 2.25   0.09 12.20   0.04 10.37   0.02 -0.14
1.5 11.5 2.25   0.18 12.20   0.10 10.44   0.04 2.30   0.18 12.25   0.09 10.40   0.04 0.06
# 2.0 < z < 2.5 
2.0 9.3 0.82   0.06 10.44   0.05 10.18   0.01 0.79   0.06 10.35   0.06 10.20   0.01 -1.58
2.0 9.6 1.05   0.03 10.77   0.03 10.31   0.01 1.05   0.03 10.76   0.03 10.33   0.01 -1.46
2.0 9.8 1.26   0.03 11.04   0.02 10.40   0.01 1.30   0.03 11.10   0.02 10.41   0.01 -1.29
2.0 10.0 1.46   0.03 11.33   0.01 10.38   0.02 1.51   0.03 11.38   0.01 10.44   0.02 -1.02
2.0 10.3 1.64   0.03 11.55   0.02 10.30   0.03 1.70   0.03 11.61   0.01 10.40   0.02 -0.84
2.0 10.5 1.86   0.05 11.79   0.02 10.31   0.04 1.95   0.05 11.89   0.02 10.34   0.04 -0.62
2.0 10.7 1.95   0.08 11.89   0.03 10.17   0.06 2.06   0.08 12.00   0.02 10.25   0.05 -0.36
2.0 10.9 2.07   0.06 12.02   0.03 10.14   0.02 2.13   0.06 12.08   0.03 10.23   0.02 -0.28
2.0 11.1 2.20   0.10 12.15   0.04 10.12   0.07 2.32   0.10 12.28   0.03 10.19   0.06 -0.07
2.0 11.3 2.32   0.12 12.27   0.06 10.20   0.05 2.42   0.12 12.38   0.05 10.23   0.04 0.16
2.0 11.5 2.39   0.17 12.35   0.10 10.12   0.11 2.60   0.17 12.56   0.07 10.24   0.08 -0.25
