# Eagle run L0025N0376/REFERENCE snapshot_019_z001p004
# number of galaxies = 191
# SubIndex; GroupNumber; IsCentral; M200 of host [Msun]; M*,30pkpc [Msun]; Sigma_*,r1/2 [Msun ppc^-2]; SFR [Msun yr^-1]; sSFR [yr^-1];
    M_HI_BR06 [Msun]; M_HI_GK11 [Msun]; M_H2_BR06 [Msun]; M_H2_GK11 [Msun]; MMW ZH2_BR06_rhalf [Zsun]; MMW ZH2_GK11_rhalf [Zsun]; SigmaH2_BR06,r1/2 [Msun ppc^-2]; SigmaH2_GK11,r1/2 [Msun ppc^-2]
      0            0       1   7.812E+12   5.764E+10   4.566E+02   2.607E+00   4.523E-11   9.134E+09   8.322E+09   6.594E+08   1.472E+09   6.461E-01   1.391E+00   2.445E-01   5.327E-01
      1            0       0   7.812E+12   4.091E+09   3.641E+01   2.524E+00   6.171E-10   3.377E+09   2.245E+09   3.870E+08   1.519E+09   1.445E+00   1.570E+00   2.173E+00   7.437E+00
      2            0       0   7.812E+12   9.810E+09   4.314E+02   4.250E+00   4.333E-10   2.600E+09   1.063E+09   1.419E+09   2.956E+09   2.281E+00   2.240E+00   6.492E+01   7.169E+01
      3            0       0   7.812E+12   1.464E+10   6.050E+02   6.934E+00   4.737E-10   1.365E+09   3.271E+08   2.629E+09   3.667E+09   2.846E+00   2.803E+00   1.987E+02   2.189E+02
      4            0       0   7.812E+12   3.674E+09   1.723E+02   1.417E+00   3.857E-10   4.095E+09   3.667E+09   2.288E+08   6.572E+08   1.427E+00   1.538E+00   3.560E+01   2.109E+01
      5            0       0   7.812E+12   5.805E+09   5.027E+02   6.091E+00   1.049E-09   1.836E+09   9.885E+08   2.236E+09   3.084E+09   1.435E+00   1.466E+00   2.785E+02   2.422E+02
      6            0       0   7.812E+12   3.472E+09   2.611E+02   1.237E+00   3.562E-10   3.851E+08   6.447E+07   4.681E+08   7.887E+08   2.581E+00   2.582E+00   1.401E+02   1.377E+02
      7            1       1   3.890E+12   3.726E+10   7.546E+02   4.207E-01   1.129E-11   4.170E+09   3.979E+09   5.624E+07   2.474E+08   7.098E-01   1.970E+00   8.030E-03   8.606E-02
      8            1       0   3.890E+12   1.200E+09   1.981E+01   5.372E-01   4.479E-10   8.745E+08   5.914E+08   5.097E+07   3.340E+08   1.328E+00   1.583E+00   1.122E+00   5.865E+00
      9            1       0   3.890E+12   1.078E+09   4.709E+01   9.066E-01   8.413E-10   1.112E+09   9.146E+08   2.430E+08   4.408E+08   9.951E-01   1.250E+00   9.265E+00   1.562E+01
     10            2       1   3.150E+12   4.255E+10   8.575E+02   8.008E-01   1.882E-11   3.867E+09   3.611E+09   6.310E+07   3.186E+08   7.158E-01   1.845E+00   3.179E-02   1.624E-01
     11            2       0   3.150E+12   3.076E+09   1.284E+02   6.474E-01   2.105E-10   4.869E+08   1.350E+08   1.722E+08   5.240E+08   2.541E+00   2.477E+00   2.889E+01   4.503E+01
     12            3       1   2.783E+12   3.262E+10   3.053E+02   1.346E+01   4.127E-10   1.134E+10   5.819E+09   3.946E+09   9.472E+09   2.267E+00   2.291E+00   1.819E+01   3.015E+01
     13            3       0   2.783E+12   1.733E+10   5.136E+02   8.859E+00   5.113E-10   5.967E+09   3.347E+09   3.014E+09   5.634E+09   1.879E+00   1.898E+00   4.678E+01   6.434E+01
     14            3       0   2.783E+12   1.910E+09   3.060E+01   9.261E-01   4.848E-10   1.901E+09   1.435E+09   9.788E+07   5.630E+08   1.258E+00   1.521E+00   3.278E+00   8.971E+00
     15            4       1   2.363E+12   2.984E+10   4.174E+02   6.879E+00   2.305E-10   1.070E+10   8.465E+09   1.653E+09   3.892E+09   1.812E+00   1.810E+00   1.642E+01   2.025E+01
     16            4       0   2.363E+12   2.352E+09   1.083E+02   1.035E+00   4.400E-10   1.101E+09   6.805E+08   2.688E+08   6.896E+08   1.726E+00   1.712E+00   3.937E+01   4.687E+01
     17            5       1   1.734E+12   3.165E+10   2.810E+02   7.065E+00   2.233E-10   8.796E+09   6.080E+09   2.229E+09   4.945E+09   2.606E+00   2.667E+00   2.594E+01   3.907E+01
     18            5       0   1.734E+12   1.215E+10   3.042E+02   6.694E+00   5.508E-10   5.972E+09   3.581E+09   1.888E+09   4.278E+09   2.022E+00   2.039E+00   4.567E+01   5.079E+01
     19            5       0   1.734E+12   1.218E+09   5.072E+01   5.320E-01   4.367E-10   1.212E+09   1.045E+09   6.986E+07   2.367E+08   1.165E+00   1.454E+00   3.883E+00   1.092E+01
     20            6       1   2.220E+12   5.033E+10   1.274E+03   2.870E-01   5.703E-12   1.884E+09   1.635E+09   4.509E+07   2.942E+08   1.782E+00   2.611E+00   4.229E-03   8.077E-02
     21            7       1   2.373E+12   3.493E+10   3.243E+03   4.973E+01   1.424E-09   4.078E+09   2.972E+09   9.146E+09   1.025E+10   2.681E+00   2.664E+00   1.203E+04   1.143E+04
     22            7       0   2.373E+12   2.398E+09   3.861E+01   1.692E+00   7.056E-10   2.346E+09   1.677E+09   3.041E+08   9.735E+08   1.319E+00   1.456E+00   1.548E+01   2.424E+01
     23            7       0   2.373E+12   1.664E+09   7.907E+01   2.078E-01   1.249E-10   1.931E+08   5.631E+07   5.303E+07   1.898E+08   2.480E+00   2.351E+00   1.547E+01   3.274E+01
     24            7       0   2.373E+12   1.154E+09   3.777E+01   4.426E-01   3.834E-10   7.602E+08   5.484E+08   5.378E+07   2.656E+08   1.347E+00   1.657E+00   2.321E+00   9.289E+00
     25            8       1   2.016E+12   3.018E+10   4.931E+02   1.026E+01   2.959E-10   6.668E+09   4.688E+09   3.589E+09   5.569E+09   1.656E+00   1.725E+00   7.565E+01   9.567E+01
     26            9       1   1.457E+12   1.897E+10   1.965E+02   5.843E+00   3.081E-10   9.197E+09   5.849E+09   1.032E+09   4.380E+09   2.160E+00   2.209E+00   7.062E+00   1.616E+01
     27            9       0   1.457E+12   1.960E+09   1.228E+02   1.216E+00   6.203E-10   1.821E+09   1.582E+09   4.087E+08   6.482E+08   1.197E+00   1.444E+00   3.155E+01   3.739E+01
     28            9       0   1.457E+12   5.496E+09   5.205E+02   3.706E+00   6.744E-10   9.652E+08   5.274E+08   1.404E+09   1.842E+09   1.935E+00   1.912E+00   3.833E+02   3.928E+02
     29            9       0   1.457E+12   1.026E+09   2.329E+01   7.392E-01   7.207E-10   1.022E+09   7.222E+08   1.102E+08   4.100E+08   9.195E-01   1.214E+00   4.220E+00   7.268E+00
     30            9       0   1.457E+12   1.220E+09   5.037E+01   3.873E-01   3.175E-10   4.119E+08   2.399E+08   8.890E+07   2.610E+08   1.679E+00   1.883E+00   4.786E+01   5.109E+01
     31           10       1   1.971E+12   5.473E+10   2.349E+03   1.061E+01   1.939E-10   5.959E+09   2.653E+09   3.413E+09   6.719E+09   3.991E+00   3.597E+00   6.847E+01   7.130E+01
     32           11       1   2.013E+12   5.100E+10   1.148E+03   5.962E+00   1.169E-10   2.276E+09   1.638E+09   2.111E+09   2.748E+09   3.560E+00   3.590E+00   1.001E+02   1.172E+02
     33           12       1   2.123E+12   3.741E+10   2.105E+03   3.019E+00   8.071E-11   2.482E+09   2.146E+09   1.028E+09   1.364E+09   2.769E+00   2.740E+00   1.998E+02   2.180E+02
     34           13       1   1.627E+12   2.174E+10   6.431E+02   2.076E+00   9.549E-11   4.851E+09   4.375E+09   4.614E+08   9.375E+08   9.875E-01   1.462E+00   2.523E+00   5.841E+00
     35           14       1   1.737E+12   3.605E+10   3.254E+02   4.120E+00   1.143E-10   3.283E+09   2.035E+09   1.424E+09   2.673E+09   2.237E+00   2.324E+00   3.614E+01   5.411E+01
     36           15       1   1.933E+12   5.528E+10   5.152E+03   1.083E+00   1.961E-11   1.893E+09   1.445E+09   2.408E+08   6.888E+08   5.359E+00   4.814E+00   4.137E+01   2.664E+01
     37           16       1   1.495E+12   3.155E+10   2.474E+02   1.082E+01   3.342E-10   4.401E+09   2.266E+09   4.252E+09   6.387E+09   1.994E+00   2.132E+00   7.087E+01   8.886E+01
     38           17       1   1.140E+12   2.182E+10   1.480E+03   3.179E+00   1.457E-10   3.152E+09   1.865E+09   8.928E+08   2.180E+09   2.576E+00   2.562E+00   2.581E+01   3.931E+01
     39           17       0   1.140E+12   2.066E+09   4.135E+01   1.003E+00   4.856E-10   1.964E+09   1.573E+09   1.501E+08   5.412E+08   1.131E+00   1.325E+00   1.736E+01   2.090E+01
     40           18       1   1.467E+12   1.722E+10   8.794E+02   2.446E+00   1.421E-10   2.621E+09   1.623E+09   6.154E+08   1.613E+09   2.947E+00   2.900E+00   1.343E+01   2.295E+01
     41           18       0   1.467E+12   7.376E+09   1.960E+02   3.430E+00   4.651E-10   4.070E+09   3.040E+09   1.080E+09   2.110E+09   1.788E+00   1.878E+00   3.365E+01   4.638E+01
     42           19       1   1.368E+12   3.094E+10   3.031E+02   8.622E+00   2.787E-10   1.048E+10   5.200E+09   1.506E+09   6.786E+09   3.046E+00   2.868E+00   4.183E+00   1.359E+01
     43           20       1   1.164E+12   1.970E+10   4.076E+02   8.331E+00   4.229E-10   1.233E+10   9.165E+09   1.840E+09   5.001E+09   2.753E+00   2.649E+00   2.971E+01   3.105E+01
     44           21       1   1.527E+12   3.196E+10   1.399E+03   2.336E-01   7.312E-12   1.287E+09   1.191E+09   1.407E+07   1.101E+08   1.090E+00   2.373E+00   3.702E-03   3.317E-02
     45           22       1   4.585E+11   8.122E+09   4.299E+02   2.161E+00   2.661E-10   2.636E+09   1.502E+09   4.430E+08   1.577E+09   2.816E+00   2.733E+00   2.214E+01   2.276E+01
     46           22       0   4.585E+11   2.383E+09   5.797E+01   1.193E+00   5.004E-10   2.278E+09   1.757E+09   1.752E+08   6.964E+08   1.540E+00   1.681E+00   8.349E+00   1.686E+01
     47           22       0   4.585E+11   1.862E+09   8.090E+01   8.413E-01   4.518E-10   1.359E+09   1.093E+09   2.493E+08   5.159E+08   1.312E+00   1.454E+00   1.846E+01   3.321E+01
     48           23       1   1.043E+12   1.310E+10   8.445E+02   2.132E+01   1.627E-09   5.999E+09   4.666E+09   7.374E+09   8.707E+09   1.653E+00   1.629E+00   7.107E+02   6.936E+02
     49           23       0   1.043E+12   2.364E+09   8.146E+01   2.262E+00   9.571E-10   2.122E+09   1.744E+09   7.484E+08   1.126E+09   9.359E-01   1.041E+00   7.405E+01   8.590E+01
     50           24       1   1.271E+12   1.274E+10   2.608E+02   6.632E+00   5.205E-10   9.304E+09   6.783E+09   1.559E+09   4.080E+09   1.903E+00   1.890E+00   2.114E+01   3.198E+01
     51           25       1   9.701E+11   1.096E+10   1.898E+02   5.268E+00   4.807E-10   7.044E+09   4.420E+09   9.449E+08   3.569E+09   2.029E+00   2.030E+00   6.945E+00   1.494E+01
     52           25       0   9.701E+11   3.590E+09   1.442E+02   2.239E+00   6.239E-10   3.886E+09   3.113E+09   4.985E+08   1.272E+09   1.551E+00   1.592E+00   4.696E+01   2.416E+01
     53           25       0   9.701E+11   4.027E+09   6.749E+01   1.131E+00   2.810E-10   3.090E+09   2.412E+09   1.248E+08   8.034E+08   2.530E+00   2.472E+00   3.730E+00   9.102E+00
     54           26       1   1.179E+12   2.441E+10   2.228E+02   3.755E+00   1.538E-10   3.432E+09   1.431E+09   9.455E+08   2.947E+09   2.441E+00   2.495E+00   8.724E+00   1.956E+01
     55           27       1   1.077E+12   1.514E+10   3.862E+02   7.361E+00   4.863E-10   9.090E+09   6.290E+09   1.718E+09   4.518E+09   2.499E+00   2.276E+00   4.321E+01   2.574E+01
     56           27       0   1.077E+12   3.761E+09   2.400E+02   5.765E-01   1.533E-10   7.316E+08   3.334E+08   6.843E+07   4.666E+08   2.272E+00   2.408E+00   2.590E+00   1.197E+01
     57           28       1   1.097E+12   2.026E+10   5.507E+02   4.281E+00   2.113E-10   5.678E+09   4.144E+09   1.132E+09   2.666E+09   2.751E+00   2.691E+00   2.082E+01   3.106E+01
     58           29       1   9.975E+11   1.958E+10   2.407E+02   5.527E+00   2.823E-10   8.942E+09   6.105E+09   9.201E+08   3.758E+09   3.189E+00   2.928E+00   1.383E+01   1.456E+01
     59           30       1   9.143E+11   1.406E+10   5.552E+02   6.830E+00   4.858E-10   6.704E+09   4.726E+09   1.942E+09   3.920E+09   1.938E+00   1.981E+00   5.703E+01   6.711E+01
     60           31       1   7.137E+11   4.237E+09   9.131E+01   2.088E+00   4.929E-10   3.724E+09   3.090E+09   4.259E+08   1.060E+09   8.082E-01   1.270E+00   4.679E+01   2.348E+01
     61           31       0   7.137E+11   4.755E+09   3.906E+02   1.740E+00   3.660E-10   1.154E+09   6.080E+08   5.539E+08   1.100E+09   1.999E+00   1.985E+00   7.297E+01   7.209E+01
     62           32       1   8.909E+11   8.823E+09   3.749E+02   4.326E+00   4.903E-10   4.125E+09   2.873E+09   1.290E+09   2.542E+09   1.939E+00   1.926E+00   4.469E+01   6.085E+01
     63           32       0   8.909E+11   2.843E+09   1.438E+02   1.624E+00   5.712E-10   1.711E+09   1.235E+09   4.504E+08   9.265E+08   1.302E+00   1.434E+00   3.331E+01   4.760E+01
     64           33       1   8.234E+11   1.628E+10   4.410E+02   5.799E+00   3.562E-10   4.131E+09   2.793E+09   2.081E+09   3.419E+09   1.982E+00   2.048E+00   6.060E+01   7.588E+01
     65           34       1   9.471E+11   2.497E+10   2.628E+03   1.999E-01   8.006E-12   5.343E+08   4.860E+08   1.362E+07   6.192E+07   2.767E+00   2.528E+00   3.601E+00   3.257E+00
     66           35       1   4.712E+11   6.584E+09   2.768E+02   2.780E+00   4.223E-10   3.409E+09   2.644E+09   7.755E+08   1.540E+09   2.124E+00   2.131E+00   5.344E+01   7.091E+01
     67           35       0   4.712E+11   1.678E+09   1.245E+02   7.677E-01   4.575E-10   1.078E+09   8.623E+08   1.666E+08   3.821E+08   1.186E+00   1.532E+00   7.455E+00   1.539E+01
     68           36       1   8.087E+11   1.902E+10   5.353E+02   6.803E+00   3.577E-10   4.787E+09   2.732E+09   2.148E+09   4.203E+09   1.804E+00   2.060E+00   3.011E+01   2.958E+01
     69           37       1   8.178E+11   1.878E+10   3.205E+02   7.692E+00   4.095E-10   7.161E+09   3.918E+09   1.986E+09   5.229E+09   2.603E+00   2.536E+00   2.731E+01   3.828E+01
     70           38       1   5.812E+11   4.190E+09   1.211E+02   1.901E+00   4.538E-10   3.328E+09   2.409E+09   2.574E+08   1.176E+09   1.617E+00   1.833E+00   3.453E+00   1.092E+01
     71           39       1   7.306E+11   1.026E+10   4.164E+02   5.278E+00   5.145E-10   4.295E+09   3.260E+09   1.524E+09   2.559E+09   2.296E+00   2.310E+00   3.102E+02   2.901E+02
     72           40       1   7.775E+11   1.316E+10   5.670E+02   2.287E+00   1.738E-10   1.923E+09   6.630E+08   5.772E+08   1.837E+09   2.550E+00   2.520E+00   9.936E+00   2.316E+01
     73           41       1   7.258E+11   1.161E+10   4.394E+02   2.647E+00   2.280E-10   4.118E+09   2.929E+09   4.415E+08   1.630E+09   1.649E+00   2.078E+00   4.398E+00   1.199E+01
     74           42       1   3.856E+11   5.297E+09   2.507E+02   2.639E+00   4.982E-10   3.119E+09   2.255E+09   7.275E+08   1.592E+09   1.961E+00   1.942E+00   6.727E+01   5.589E+01
     75           43       1   6.637E+11   9.340E+09   2.255E+02   5.922E+00   6.341E-10   4.095E+09   2.616E+09   2.119E+09   3.598E+09   1.669E+00   1.772E+00   4.842E+01   6.458E+01
     76           44       1   7.128E+11   2.254E+10   4.335E+02   3.672E+00   1.629E-10   4.838E+09   2.253E+09   4.348E+08   3.020E+09   3.658E+00   3.190E+00   6.017E+00   8.882E+00
     77           45       1   6.803E+11   2.093E+10   1.136E+03   5.298E+00   2.531E-10   3.193E+09   2.215E+09   1.659E+09   2.638E+09   2.633E+00   2.615E+00   2.587E+02   2.521E+02
     78           46       1   7.215E+11   1.044E+10   1.761E+02   2.857E+00   2.736E-10   3.281E+09   1.812E+09   5.425E+08   2.012E+09   2.556E+00   2.431E+00   1.135E+01   1.928E+01
     79           46       0   7.215E+11   1.793E+09   4.516E+01   5.016E-01   2.799E-10   6.297E+08   3.552E+08   8.297E+07   3.575E+08   1.476E+00   1.636E+00   6.063E+00   1.366E+01
     80           47       1   4.302E+11   1.959E+09   1.042E+02   1.056E+00   5.391E-10   9.829E+08   7.427E+08   3.618E+08   6.019E+08   1.251E+00   1.329E+00   5.391E+01   6.902E+01
     81           47       0   4.302E+11   2.315E+09   7.596E+01   2.567E+00   1.109E-09   1.975E+09   1.508E+09   8.581E+08   1.325E+09   1.043E+00   1.098E+00   9.706E+01   8.327E+01
     82           48       1   6.067E+11   9.688E+09   3.078E+02   5.300E+00   5.471E-10   3.512E+09   2.495E+09   1.968E+09   2.985E+09   1.625E+00   1.749E+00   1.273E+02   1.076E+02
     83           49       1   6.448E+11   1.001E+10   2.634E+02   5.243E+00   4.304E-10   2.559E+09   1.471E+09   1.963E+09   3.051E+09   2.160E+00   2.153E+00   1.070E+02   1.302E+02
     84           50       1   6.455E+11   1.243E+10   6.853E+02   1.427E-01   1.147E-11   2.577E+08   2.040E+08   1.630E+07   7.005E+07   1.080E+00   2.143E+00   9.872E-02   6.109E-01
     85           51       1   6.299E+11   1.666E+10   4.011E+02   3.559E+00   2.137E-10   3.700E+09   1.603E+09   6.956E+08   2.793E+09   3.048E+00   2.941E+00   7.919E+00   1.620E+01
     86           52       1   4.459E+11   3.587E+09   1.724E+02   1.457E+00   4.064E-10   2.902E+09   2.396E+09   3.011E+08   8.076E+08   1.672E+00   1.798E+00   1.310E+01   2.042E+01
     87           53       1   5.278E+11   1.056E+10   3.594E+02   4.080E+00   3.864E-10   4.781E+09   3.203E+09   9.554E+08   2.533E+09   2.572E+00   2.413E+00   3.692E+01   2.989E+01
     88           54       1   3.718E+11   9.883E+09   6.183E+02   2.755E+00   2.788E-10   2.705E+09   1.383E+09   6.098E+08   1.931E+09   2.694E+00   2.479E+00   1.341E+01   2.280E+01
     89           54       0   3.718E+11   1.160E+09   2.928E+01   6.183E-01   5.332E-10   7.535E+08   5.159E+08   1.297E+08   3.673E+08   1.113E+00   1.408E+00   6.476E+00   1.471E+01
     90           55       1   5.083E+11   5.600E+09   1.638E+02   3.389E+00   6.051E-10   5.783E+09   4.977E+09   7.009E+08   1.506E+09   1.956E+00   1.900E+00   1.698E+02   3.865E+01
     91           56       1   5.079E+11   4.103E+09   1.367E+02   2.351E+00   5.728E-10   1.765E+09   1.108E+09   7.964E+08   1.453E+09   1.470E+00   1.553E+00   6.813E+01   6.527E+01
     92           57       1   4.924E+11   8.599E+09   4.217E+02   2.724E+00   3.168E-10   1.755E+09   8.525E+08   9.087E+08   1.811E+09   2.016E+00   2.032E+00   4.350E+01   5.494E+01
     93           58       1   4.535E+11   6.985E+09   3.721E+02   1.929E+00   2.762E-10   3.768E+09   2.896E+09   2.547E+08   1.127E+09   3.248E+00   3.018E+00   2.232E+01   1.742E+01
     94           59       0   1.690E+11   1.241E+09   3.857E+01   7.358E-01   5.930E-10   1.026E+09   8.029E+08   1.595E+08   3.822E+08   9.306E-01   1.171E+00   4.843E+00   1.384E+01
     95           60       1   5.202E+11   1.074E+10   4.452E+02   4.633E-01   4.312E-11   6.424E+08   4.016E+08   8.129E+07   3.220E+08   2.568E+00   2.501E+00   1.835E+01   1.754E+01
     96           61       1   4.446E+11   7.182E+09   1.311E+02   3.422E+00   4.765E-10   4.172E+09   2.671E+09   6.657E+08   2.166E+09   1.820E+00   1.893E+00   8.788E+00   1.628E+01
     97           62       1   4.209E+11   7.496E+09   1.465E+02   2.844E+00   3.794E-10   4.591E+09   3.124E+09   4.091E+08   1.876E+09   2.419E+00   2.367E+00   4.852E+00   1.188E+01
     98           63       1   4.904E+11   9.819E+09   4.049E+02   2.322E+00   2.365E-10   3.098E+09   1.721E+09   2.947E+08   1.671E+09   2.643E+00   2.647E+00   3.118E+00   8.223E+00
     99           64       1   5.053E+11   1.283E+10   3.160E+02   2.427E+00   1.892E-10   2.658E+09   1.077E+09   4.385E+08   2.020E+09   3.163E+00   3.050E+00   6.467E+00   1.492E+01
    100           65       1   4.600E+11   1.832E+09   1.264E+01   1.277E+00   6.971E-10   2.374E+09   2.030E+09   1.212E+08   4.654E+08   6.843E-01   1.007E+00   1.118E+00   3.369E+00
    101           66       1   3.906E+11   4.445E+09   6.679E+01   1.966E+00   4.424E-10   2.295E+09   1.398E+09   4.929E+08   1.390E+09   1.611E+00   1.675E+00   2.872E+01   2.245E+01
    102           67       1   4.410E+11   6.803E+09   2.715E+02   1.601E+00   2.354E-10   1.765E+09   1.018E+09   3.413E+08   1.088E+09   1.757E+00   1.905E+00   1.563E+01   2.155E+01
    103           68       1   4.202E+11   7.147E+09   1.742E+02   3.458E+00   4.838E-10   3.809E+09   2.544E+09   9.164E+08   2.181E+09   1.816E+00   1.830E+00   6.193E+01   4.724E+01
    104           69       1   4.763E+11   1.249E+10   3.137E+02   5.765E-01   4.615E-11   7.174E+08   2.685E+08   8.001E+07   5.290E+08   3.382E+00   3.488E+00   4.852E+00   1.231E+01
    105           69       0   4.763E+11   1.058E+09   6.252E+01   3.223E-01   3.046E-10   2.740E+08   9.031E+07   8.513E+07   2.688E+08   1.635E+00   1.830E+00   2.297E+01   3.847E+01
    106           70       1   4.045E+11   7.804E+09   2.536E+02   2.357E+00   3.020E-10   2.372E+09   1.412E+09   6.375E+08   1.597E+09   2.428E+00   2.400E+00   1.918E+01   3.312E+01
    107           71       1   4.503E+11   4.196E+09   1.143E+02   2.277E+00   5.427E-10   2.233E+09   1.511E+09   6.265E+08   1.349E+09   1.860E+00   2.005E+00   2.884E+01   3.168E+01
    108           72       1   3.754E+11   6.180E+09   3.664E+02   2.910E+00   4.708E-10   2.966E+09   2.370E+09   9.145E+08   1.511E+09   1.579E+00   1.717E+00   1.376E+02   1.600E+02
    109           73       1   3.755E+11   7.353E+09   1.795E+02   2.395E+00   3.258E-10   1.966E+09   7.478E+08   5.869E+08   1.805E+09   2.165E+00   2.211E+00   1.659E+01   2.683E+01
    110           74       1   3.899E+11   1.666E+09   5.435E+01   7.433E-01   4.462E-10   7.851E+08   5.373E+08   2.542E+08   5.020E+08   1.182E+00   1.268E+00   4.571E+01   6.408E+01
    111           75       1   3.800E+11   5.342E+09   2.340E+02   1.987E+00   3.719E-10   2.804E+09   1.939E+09   4.316E+08   1.296E+09   1.834E+00   1.913E+00   2.077E+01   3.246E+01
    112           76       1   3.663E+11   4.556E+09   1.146E+02   2.315E+00   5.082E-10   3.053E+09   2.025E+09   3.910E+08   1.419E+09   1.857E+00   1.891E+00   7.479E+00   2.056E+01
    113           78       1   3.922E+11   4.073E+09   9.968E+01   2.710E+00   6.653E-10   3.917E+09   3.115E+09   5.013E+08   1.304E+09   1.804E+00   1.847E+00   1.456E+01   1.541E+01
    114           79       1   3.941E+11   7.303E+09   1.664E+02   1.855E+00   2.539E-10   2.408E+09   1.380E+09   3.410E+08   1.369E+09   2.297E+00   2.397E+00   5.251E+00   1.630E+01
    115           80       1   3.366E+11   4.800E+09   1.269E+02   1.670E+00   3.478E-10   2.374E+09   1.547E+09   2.619E+08   1.089E+09   2.131E+00   2.100E+00   1.894E+01   1.402E+01
    116           81       1   3.613E+11   5.774E+09   2.728E+02   2.015E+00   3.490E-10   1.738E+09   8.559E+08   5.604E+08   1.442E+09   2.126E+00   2.126E+00   3.160E+01   3.405E+01
    117           82       1   4.020E+11   8.676E+09   1.705E+02   2.760E+00   3.181E-10   2.781E+09   1.252E+09   5.905E+08   2.120E+09   2.511E+00   2.369E+00   1.178E+01   1.606E+01
    118           83       1   3.055E+11   5.959E+09   1.578E+02   1.998E+00   3.353E-10   3.678E+09   2.884E+09   4.721E+08   1.266E+09   2.289E+00   2.279E+00   4.025E+01   3.802E+01
    119           84       1   3.220E+11   3.236E+09   1.141E+02   1.782E+00   5.509E-10   2.625E+09   1.958E+09   4.004E+08   1.068E+09   1.399E+00   1.563E+00   2.743E+01   2.676E+01
    120           85       1   3.296E+11   3.306E+09   1.587E+02   1.412E+00   4.272E-10   1.876E+09   1.369E+09   3.031E+08   8.097E+08   1.693E+00   1.633E+00   3.826E+01   3.775E+01
    121           86       1   3.631E+11   4.733E+09   3.369E+02   2.077E+00   4.388E-10   1.113E+09   6.973E+08   7.651E+08   1.181E+09   1.848E+00   1.857E+00   1.748E+02   1.929E+02
    122           87       1   3.284E+11   4.891E+09   1.875E+02   1.328E+00   2.715E-10   8.781E+08   4.063E+08   4.502E+08   9.219E+08   1.706E+00   1.765E+00   4.357E+01   5.863E+01
    123           88       1   2.998E+11   2.597E+09   9.460E+01   1.052E+00   4.053E-10   1.209E+09   7.568E+08   2.312E+08   6.830E+08   1.518E+00   1.574E+00   1.540E+01   2.764E+01
    124           89       1   3.489E+11   3.930E+09   2.790E+02   1.598E+00   4.067E-10   1.781E+09   1.203E+09   3.904E+08   9.682E+08   2.084E+00   2.023E+00   8.527E+01   4.346E+01
    125           90       1   3.486E+11   5.604E+09   1.394E+02   1.591E+00   2.839E-10   2.608E+09   1.747E+09   1.986E+08   1.060E+09   2.670E+00   2.527E+00   7.520E+00   1.197E+01
    126           91       1   3.186E+11   2.199E+09   6.175E+01   1.272E+00   5.787E-10   2.049E+09   1.568E+09   2.312E+08   7.121E+08   1.373E+00   1.406E+00   1.755E+01   1.747E+01
    127           92       1   3.288E+11   3.266E+09   1.377E+02   1.549E+00   4.742E-10   1.377E+09   9.547E+08   4.904E+08   9.124E+08   1.674E+00   1.660E+00   1.348E+02   1.272E+02
    128           94       1   3.353E+11   4.911E+09   2.335E+02   1.433E+00   2.919E-10   1.476E+09   9.650E+08   4.125E+08   9.232E+08   2.164E+00   2.204E+00   5.386E+01   6.517E+01
    129           95       1   1.865E+11   2.037E+09   7.672E+01   1.086E+00   5.333E-10   1.445E+09   1.121E+09   2.783E+08   6.018E+08   1.348E+00   1.455E+00   2.804E+01   3.385E+01
    130           96       1   3.182E+11   1.221E+09   3.103E+01   1.117E+00   9.148E-10   2.108E+09   1.782E+09   1.895E+08   5.157E+08   1.076E+00   1.260E+00   4.336E+00   1.097E+01
    131           97       1   2.692E+11   2.444E+09   3.294E+01   1.427E+00   5.837E-10   3.151E+09   2.741E+09   1.934E+08   6.035E+08   7.634E-01   1.051E+00   4.500E+00   6.983E+00
    132           98       1   3.157E+11   2.370E+09   1.124E+02   6.032E-01   2.545E-10   1.250E+09   9.827E+08   1.120E+08   3.793E+08   1.870E+00   1.987E+00   1.454E+01   2.621E+01
    133           99       1   2.793E+11   2.982E+09   1.727E+02   1.140E+00   3.825E-10   9.179E+08   5.283E+08   3.213E+08   7.109E+08   1.340E+00   1.457E+00   7.455E+01   5.654E+01
    134          100       1   2.709E+11   1.707E+09   2.836E+01   8.676E-01   5.082E-10   1.986E+09   1.676E+09   1.068E+08   4.169E+08   1.445E+00   1.539E+00   1.161E+01   1.601E+01
    135          101       1   3.046E+11   3.601E+09   2.362E+02   1.350E+00   3.748E-10   1.319E+09   8.276E+08   3.215E+08   8.125E+08   1.928E+00   1.945E+00   5.629E+01   4.381E+01
    136          102       1   2.795E+11   2.145E+09   9.646E+01   9.083E-01   4.235E-10   1.621E+09   1.316E+09   2.178E+08   5.222E+08   1.494E+00   1.659E+00   3.591E+01   4.359E+01
    137          103       1   1.309E+11   1.138E+09   6.616E+01   3.516E-01   3.089E-10   5.045E+08   3.376E+08   6.639E+07   2.333E+08   1.494E+00   1.804E+00   8.275E+00   1.703E+01
    138          104       1   3.035E+11   3.756E+09   1.322E+02   1.927E+00   5.129E-10   1.442E+09   9.117E+08   6.401E+08   1.171E+09   1.712E+00   1.835E+00   3.966E+01   5.780E+01
    139          105       1   2.602E+11   2.303E+09   5.624E+01   1.264E+00   5.487E-10   2.534E+09   2.046E+09   1.680E+08   6.558E+08   1.077E+00   1.477E+00   1.504E+00   6.633E+00
    140          106       1   2.806E+11   1.631E+09   4.751E+01   6.614E-01   4.054E-10   2.278E+09   2.000E+09   6.008E+07   3.383E+08   1.485E+00   1.809E+00   1.738E+00   7.118E+00
    141          107       1   2.812E+11   1.430E+09   4.472E+01   9.089E-01   6.356E-10   1.916E+09   1.706E+09   1.578E+08   3.671E+08   1.099E+00   1.212E+00   1.978E+01   2.078E+01
    142          108       1   2.748E+11   2.906E+09   5.170E+01   1.317E+00   4.533E-10   1.901E+09   1.195E+09   2.156E+08   9.217E+08   1.698E+00   1.832E+00   5.602E+00   1.415E+01
    143          109       1   2.567E+11   3.286E+09   1.655E+02   1.089E+00   3.313E-10   1.199E+09   6.585E+08   2.476E+08   7.881E+08   1.966E+00   2.070E+00   1.597E+01   3.329E+01
    144          110       1   2.547E+11   1.752E+09   4.429E+01   1.118E+00   6.383E-10   2.073E+09   1.816E+09   1.522E+08   4.089E+08   8.796E-01   1.148E+00   2.358E+00   6.720E+00
    145          111       1   2.648E+11   2.211E+09   9.561E+01   1.201E+00   5.429E-10   1.248E+09   9.487E+08   3.999E+08   6.989E+08   1.519E+00   1.513E+00   1.218E+02   1.233E+02
    146          112       1   2.653E+11   1.667E+09   7.085E+01   1.808E+00   1.085E-09   2.369E+09   2.071E+09   4.322E+08   7.304E+08   9.439E-01   1.163E+00   2.067E+01   2.786E+01
    147          113       1   2.637E+11   1.231E+09   1.468E+01   6.750E-01   5.485E-10   2.000E+09   1.762E+09   7.975E+07   3.172E+08   1.405E+00   1.417E+00   1.169E+01   2.043E+01
    148          114       1   3.033E+11   4.657E+09   1.145E+02   1.051E+00   2.258E-10   1.368E+09   6.836E+08   1.293E+08   8.141E+08   2.883E+00   2.865E+00   3.802E+00   1.009E+01
    149          115       1   2.100E+11   1.932E+09   4.110E+01   1.094E+00   5.661E-10   2.244E+09   1.868E+09   1.067E+08   4.826E+08   1.057E+00   1.412E+00   6.774E-01   4.353E+00
    150          116       1   2.851E+11   2.315E+09   9.381E+01   8.618E-01   3.722E-10   7.606E+08   3.972E+08   2.449E+08   6.083E+08   1.526E+00   1.661E+00   2.999E+01   4.991E+01
    151          117       1   2.762E+11   3.314E+09   1.045E+02   1.069E+00   3.227E-10   1.790E+09   1.288E+09   1.540E+08   6.560E+08   2.547E+00   2.513E+00   1.590E+01   1.739E+01
    152          118       1   2.644E+11   1.915E+09   2.703E+01   7.347E-01   3.837E-10   1.689E+09   1.296E+09   6.122E+07   4.545E+08   1.714E+00   1.794E+00   1.566E+00   7.298E+00
    153          119       1   2.418E+11   2.270E+09   5.320E+01   1.220E+00   5.373E-10   1.970E+09   1.441E+09   2.176E+08   7.474E+08   1.522E+00   1.682E+00   7.678E+00   1.564E+01
    154          120       1   2.551E+11   4.214E+09   2.802E+02   1.494E+00   3.545E-10   9.230E+08   5.052E+08   5.615E+08   9.793E+08   1.999E+00   1.996E+00   7.123E+01   9.555E+01
    155          121       1   2.580E+11   3.592E+09   7.344E+01   1.126E+00   3.133E-10   1.277E+09   6.109E+08   2.091E+08   8.753E+08   2.160E+00   2.230E+00   5.034E+00   1.290E+01
    156          122       1   2.665E+11   2.633E+09   1.220E+02   1.028E+00   3.904E-10   1.021E+09   6.859E+08   3.028E+08   6.383E+08   1.338E+00   1.527E+00   2.743E+01   3.726E+01
    157          123       1   1.654E+11   1.393E+09   3.759E+01   9.607E-01   6.898E-10   1.450E+09   1.188E+09   2.389E+08   5.012E+08   9.937E-01   1.133E+00   2.105E+01   2.498E+01
    158          128       1   2.220E+11   4.012E+09   9.621E+01   1.352E+00   3.371E-10   1.457E+09   7.667E+08   2.931E+08   9.831E+08   2.100E+00   2.174E+00   1.776E+01   2.183E+01
    159          129       1   2.272E+11   2.963E+09   6.667E+01   8.433E-01   2.846E-10   1.184E+09   6.641E+08   8.652E+07   6.060E+08   2.661E+00   2.504E+00   3.572E+00   1.043E+01
    160          130       1   2.064E+11   1.084E+09   3.975E+01   5.382E-01   4.964E-10   1.674E+09   1.477E+09   4.420E+07   2.421E+08   1.648E+00   1.886E+00   1.914E+00   7.756E+00
    161          131       1   2.083E+11   2.202E+09   3.237E+01   7.465E-01   3.391E-10   2.170E+09   1.872E+09   4.398E+07   3.423E+08   1.740E+00   2.124E+00   2.061E+00   3.718E+00
    162          132       1   2.160E+11   1.901E+09   8.914E+01   6.075E-01   3.196E-10   8.500E+08   6.204E+08   1.457E+08   3.752E+08   1.576E+00   1.744E+00   1.193E+01   2.396E+01
    163          133       1   2.085E+11   1.687E+09   6.394E+01   7.268E-01   4.309E-10   8.479E+08   5.279E+08   1.458E+08   4.659E+08   1.394E+00   1.476E+00   6.975E+00   1.406E+01
    164          134       1   2.083E+11   1.905E+09   4.248E+01   9.484E-01   4.980E-10   1.145E+09   8.645E+08   1.901E+08   4.704E+08   8.457E-01   1.101E+00   1.003E+01   1.723E+01
    165          135       1   1.553E+11   1.191E+09   8.103E+01   2.946E-01   2.474E-10   2.858E+08   1.368E+08   6.560E+07   2.147E+08   1.671E+00   1.781E+00   4.824E+00   1.241E+01
    166          136       1   2.084E+11   1.607E+09   6.402E+01   3.681E-01   2.290E-10   6.436E+08   4.428E+08   4.290E+07   2.437E+08   1.593E+00   1.745E+00   2.903E+00   8.363E+00
    167          138       1   2.186E+11   1.279E+09   9.056E+01   7.346E-01   5.744E-10   8.671E+08   6.851E+08   1.917E+08   3.737E+08   1.279E+00   1.470E+00   2.827E+01   3.545E+01
    168          139       1   2.139E+11   2.248E+09   1.169E+02   8.442E-01   3.755E-10   1.441E+09   1.096E+09   1.481E+08   4.935E+08   1.732E+00   1.925E+00   1.270E+01   2.373E+01
    169          141       1   1.906E+11   1.464E+09   2.670E+01   1.031E+00   7.043E-10   1.306E+09   9.307E+08   1.879E+08   5.637E+08   1.174E+00   1.258E+00   1.373E+01   1.311E+01
    170          143       1   1.757E+11   1.052E+09   3.665E+01   5.548E-01   5.271E-10   8.070E+08   5.514E+08   9.337E+07   3.489E+08   1.211E+00   1.462E+00   4.129E+00   1.437E+01
    171          144       1   2.074E+11   1.311E+09   3.618E+01   9.217E-01   7.030E-10   1.213E+09   9.077E+08   1.732E+08   4.785E+08   1.076E+00   1.341E+00   5.393E+00   1.295E+01
    172          145       1   1.925E+11   2.488E+09   1.173E+02   5.749E-01   2.310E-10   1.238E+09   1.025E+09   1.499E+08   3.638E+08   2.113E+00   2.151E+00   6.811E+01   5.853E+01
    173          148       1   1.770E+11   1.053E+09   4.066E+01   3.100E-01   2.944E-10   3.978E+08   2.430E+08   5.044E+07   2.052E+08   1.107E+00   1.395E+00   7.490E+00   1.082E+01
    174          150       1   2.044E+11   2.259E+09   7.067E+01   6.212E-01   2.750E-10   7.506E+08   4.118E+08   9.793E+07   4.368E+08   1.589E+00   1.840E+00   3.292E+00   1.053E+01
    175          151       1   1.832E+11   1.891E+09   5.581E+01   6.755E-01   3.572E-10   7.624E+08   3.846E+08   1.350E+08   5.128E+08   1.891E+00   1.955E+00   7.534E+00   1.944E+01
    176          154       1   1.523E+11   1.881E+09   4.821E+01   5.974E-01   3.177E-10   1.115E+09   8.566E+08   7.309E+07   3.311E+08   1.456E+00   1.666E+00   1.984E+00   7.663E+00
    177          156       1   1.715E+11   1.496E+09   6.627E+01   9.031E-01   6.036E-10   1.330E+09   1.006E+09   1.530E+08   4.761E+08   1.774E+00   1.847E+00   8.502E+00   1.699E+01
    178          157       1   1.660E+11   1.273E+09   3.523E+01   6.445E-01   5.061E-10   1.022E+09   8.118E+08   9.264E+07   3.028E+08   9.724E-01   1.329E+00   1.687E+00   4.978E+00
    179          160       1   1.686E+11   1.886E+09   3.871E+01   4.755E-01   2.521E-10   9.422E+08   6.628E+08   3.210E+07   3.115E+08   1.755E+00   2.006E+00   3.147E-01   2.929E+00
    180          163       1   1.613E+11   2.233E+09   5.099E+01   1.010E+00   4.525E-10   1.580E+09   1.132E+09   1.286E+08   5.770E+08   1.604E+00   1.710E+00   6.674E+00   1.038E+01
    181          164       1   1.623E+11   1.530E+09   8.899E+01   5.114E-01   3.342E-10   3.514E+08   1.406E+08   1.687E+08   3.795E+08   1.405E+00   1.568E+00   3.176E+01   5.197E+01
    182          170       1   1.522E+11   1.207E+09   6.662E+01   2.722E-01   2.255E-10   2.601E+08   1.176E+08   6.612E+07   2.086E+08   1.705E+00   1.748E+00   1.105E+01   2.526E+01
    183          175       1   1.410E+11   1.074E+09   3.784E+01   6.606E-01   6.150E-10   7.398E+08   5.717E+08   1.650E+08   3.331E+08   1.304E+00   1.360E+00   2.709E+01   2.947E+01
    184          177       1   1.493E+11   1.201E+09   9.360E+01   3.210E-01   2.673E-10   3.301E+08   1.602E+08   8.206E+07   2.520E+08   1.733E+00   2.052E+00   1.038E+01   2.653E+01
    185          187       1   1.346E+11   1.845E+09   1.096E+02   5.622E-01   3.046E-10   2.959E+08   1.519E+08   1.884E+08   3.324E+08   2.002E+00   1.951E+00   5.779E+01   7.092E+01
    186          190       1   1.326E+11   1.343E+09   5.192E+01   4.356E-01   3.243E-10   3.778E+08   1.621E+08   1.146E+08   3.303E+08   1.391E+00   1.619E+00   8.944E+00   2.235E+01
    187          196       1   1.225E+11   1.882E+09   1.001E+02   5.961E-01   3.168E-10   5.972E+08   3.626E+08   1.451E+08   3.796E+08   1.143E+00   1.425E+00   2.110E+01   2.618E+01
    188          205       1   1.038E+11   1.185E+09   3.250E+01   6.054E-01   5.109E-10   7.071E+08   5.048E+08   1.082E+08   3.105E+08   9.979E-01   1.378E+00   3.385E+00   8.434E+00
    189          214       1   1.256E+11   1.336E+09   6.441E+01   1.374E-01   1.029E-10   1.371E+08   5.597E+07   7.452E+06   8.857E+07   2.617E+00   2.498E+00   6.658E-01   6.215E+00
    190          225       1   1.024E+11   1.355E+09   3.520E+01   5.452E-01   4.024E-10   1.023E+09   8.061E+08   6.214E+07   2.790E+08   1.491E+00   1.649E+00   1.329E+00   6.163E+00
