# Eagle run L0025N0376/REFERENCE snapshot_023_z000p503
# number of galaxies = 224
# SubIndex; GroupNumber; IsCentral; M200 of host [Msun]; M*,30pkpc [Msun]; Sigma_*,r1/2 [Msun ppc^-2]; SFR [Msun yr^-1]; sSFR [yr^-1];
    M_HI_BR06 [Msun]; M_HI_GK11 [Msun]; M_H2_BR06 [Msun]; M_H2_GK11 [Msun]; MMW ZH2_BR06_rhalf [Zsun]; MMW ZH2_GK11_rhalf [Zsun]; SigmaH2_BR06,r1/2 [Msun ppc^-2]; SigmaH2_GK11,r1/2 [Msun ppc^-2]
      0            0       1   1.319E+13   7.213E+10   1.957E+02   2.531E+00   3.509E-11   1.151E+10   8.884E+09   7.950E+08   3.420E+09   1.637E+00   1.926E+00   3.238E-01   6.505E-01
      1            0       0   1.319E+13   1.960E+10   3.114E+02   1.646E+00   8.400E-11   1.905E+09   5.779E+08   2.870E+08   1.614E+09   4.078E+00   3.812E+00   2.734E+00   1.055E+01
      2            0       0   1.319E+13   1.054E+10   2.015E+02   2.371E+00   2.250E-10   5.253E+09   3.907E+09   3.077E+08   1.653E+09   3.292E+00   3.029E+00   2.259E+00   8.329E+00
      3            0       0   1.319E+13   1.048E+10   2.666E+02   1.533E+00   1.463E-10   1.596E+09   4.437E+08   2.977E+08   1.450E+09   3.277E+00   3.055E+00   1.631E+01   1.611E+01
      4            0       0   1.319E+13   6.236E+09   4.616E+01   5.536E-01   8.878E-11   6.259E+08   9.713E+07   8.386E+07   6.126E+08   3.678E+00   3.664E+00   2.677E+00   1.172E+01
      5            0       0   1.319E+13   1.167E+10   4.319E+02   3.942E-01   3.378E-11   3.018E+08   3.835E+07   9.760E+07   3.610E+08   4.727E+00   4.720E+00   1.254E+01   2.829E+01
      6            0       0   1.319E+13   9.986E+09   3.945E+02   3.881E-01   3.886E-11   2.931E+08   1.964E+07   7.448E+07   3.480E+08   5.386E+00   5.531E+00   9.406E+00   2.763E+01
      7            0       0   1.319E+13   8.159E+09   5.048E+02   6.705E-01   8.218E-11   2.273E+08   5.282E+07   2.443E+08   4.188E+08   4.226E+00   4.239E+00   1.520E+02   1.565E+02
      8            0       0   1.319E+13   7.072E+09   3.837E+02   1.240E-02   1.754E-12   1.479E+07   3.151E+06   3.391E+05   1.197E+07   4.008E+00   4.135E+00   6.607E-02   2.228E+00
      9            0       0   1.319E+13   1.135E+09   4.458E+01   0.000E+00   0.000E+00   8.949E+05   8.362E+05   0.000E+00   5.873E+04  -1.000E+00  -1.000E+00  -1.000E+00  -1.000E+00
     10            0       0   1.319E+13   1.369E+09   4.663E+01   0.000E+00   0.000E+00   0.000E+00   0.000E+00   0.000E+00   0.000E+00  -1.000E+00  -1.000E+00  -1.000E+00  -1.000E+00
     11            0       0   1.319E+13   1.809E+09   4.721E+01   2.782E-01   1.537E-10   2.410E+08   7.435E+07   8.051E+07   2.471E+08   2.420E+00   2.306E+00   1.828E+01   3.693E+01
     12            1       1   4.535E+12   3.993E+10   3.342E+02   4.101E+00   1.027E-10   1.050E+10   7.420E+09   5.794E+08   3.658E+09   3.364E+00   3.211E+00   3.930E+00   1.000E+01
     13            1       0   4.535E+12   2.782E+10   5.391E+02   3.921E+00   1.409E-10   5.658E+09   2.673E+09   6.199E+08   3.605E+09   3.455E+00   3.070E+00   6.139E+00   1.006E+01
     14            1       0   4.535E+12   1.396E+10   2.806E+02   8.790E-01   6.297E-11   2.770E+09   2.174E+09   8.828E+07   6.838E+08   3.604E+00   3.648E+00   4.355E+00   4.920E+00
     15            1       0   4.535E+12   3.353E+09   1.125E+02   2.576E-01   7.683E-11   2.452E+08   5.599E+07   6.163E+07   2.508E+08   3.273E+00   3.123E+00   1.147E+01   2.885E+01
     16            2       1   2.994E+12   3.709E+10   1.861E+02   7.372E+00   1.987E-10   1.123E+10   6.239E+09   1.290E+09   6.282E+09   2.257E+00   2.488E+00   1.090E+01   1.176E+01
     17            2       0   2.994E+12   1.945E+10   7.728E+02   1.547E+00   7.955E-11   3.892E+09   2.896E+09   4.118E+08   1.408E+09   2.866E+00   2.845E+00   1.166E+01   2.288E+01
     18            2       0   2.994E+12   1.219E+10   4.610E+02   1.391E+00   1.141E-10   5.897E+08   2.218E+08   5.101E+08   8.780E+08   3.433E+00   3.402E+00   1.640E+02   1.612E+02
     19            2       0   2.994E+12   6.761E+09   2.185E+02   1.844E+00   2.728E-10   1.838E+09   9.628E+08   5.294E+08   1.404E+09   2.292E+00   2.270E+00   6.699E+01   6.962E+01
     20            2       0   2.994E+12   2.001E+09   7.514E+01   6.241E-01   3.119E-10   1.372E+09   1.062E+09   1.279E+08   4.373E+08   1.365E+00   1.625E+00   1.191E+01   1.470E+01
     21            2       0   2.994E+12   1.417E+09   2.043E+01   4.287E-01   3.025E-10   8.578E+08   6.481E+08   9.263E+07   3.023E+08   1.645E+00   1.591E+00   2.161E+01   2.642E+01
     22            2       0   2.994E+12   1.362E+09   3.445E+01   2.755E-01   2.022E-10   5.706E+08   4.025E+08   2.492E+07   1.929E+08   1.248E+00   1.844E+00   6.082E-01   3.768E+00
     23            2       0   2.994E+12   1.460E+09   3.691E+01   4.214E-01   2.886E-10   8.891E+08   6.691E+08   3.854E+07   2.586E+08   8.983E-01   1.461E+00   1.544E+00   6.754E+00
     24            3       1   3.779E+12   4.446E+10   6.188E+02   6.184E-01   1.391E-11   1.541E+09   1.323E+09   1.916E+08   4.095E+08   1.703E+00   1.908E+00   8.366E+00   1.584E+01
     25            4       1   3.936E+12   3.782E+10   4.499E+02   5.632E-01   1.489E-11   1.691E+09   1.312E+09   7.445E+07   4.535E+08   1.834E+00   2.015E+00   1.419E+00   3.060E+00
     26            4       0   3.936E+12   1.633E+09   6.398E+01   6.369E-02   3.900E-11   1.173E+08   4.127E+07   2.000E+06   7.803E+07   3.297E+00   3.483E+00   9.798E-02   3.054E+00
     27            4       0   3.936E+12   1.849E+09   4.288E+01   2.252E-01   1.218E-10   2.769E+08   7.106E+07   3.556E+07   2.414E+08   2.808E+00   2.815E+00   4.109E+00   1.738E+01
     28            5       1   3.632E+12   1.356E+10   2.384E+02   4.481E+00   3.303E-10   8.456E+09   6.374E+09   9.358E+08   3.018E+09   2.346E+00   2.211E+00   2.365E+01   1.710E+01
     29            5       0   3.632E+12   3.145E+10   5.273E+02   2.218E+00   7.052E-11   5.019E+09   3.519E+09   2.800E+08   1.780E+09   3.137E+00   3.251E+00   1.369E+00   5.156E+00
     30            5       0   3.632E+12   4.602E+09   8.550E+01   2.055E+00   4.464E-10   4.165E+09   3.142E+09   3.713E+08   1.394E+09   1.419E+00   1.635E+00   6.672E+00   1.808E+01
     31            5       0   3.632E+12   1.603E+09   9.059E+01   4.620E-01   2.882E-10   5.170E+08   3.163E+08   1.273E+08   3.280E+08   1.492E+00   1.821E+00   2.701E+01   2.504E+01
     32            5       0   3.632E+12   1.040E+09   4.705E+01   1.372E-01   1.319E-10   2.201E+08   1.282E+08   2.368E+07   1.156E+08   1.588E+00   1.911E+00   4.591E+00   1.320E+01
     33            5       0   3.632E+12   4.275E+09   2.301E+02   4.128E+00   9.656E-10   1.437E+09   7.444E+08   1.626E+09   2.319E+09   1.800E+00   1.791E+00   1.970E+02   1.807E+02
     34            6       1   3.173E+12   6.113E+10   3.640E+02   1.461E+01   2.175E-10   4.559E+09   1.619E+09   4.969E+09   7.908E+09   2.895E+00   2.909E+00   1.865E+02   1.579E+02
     35            6       0   3.173E+12   1.921E+09   6.785E+01   1.871E-01   9.738E-11   1.849E+08   3.471E+07   4.016E+07   1.904E+08   3.018E+00   3.054E+00   1.426E+01   3.017E+01
     36            7       1   2.873E+12   5.390E+10   4.776E+03   6.608E-02   1.226E-12   6.060E+08   5.792E+08   7.014E+06   3.384E+07   6.939E-01   4.964E+00   1.730E-03   3.859E-02
     37            7       0   2.873E+12   1.373E+09   3.225E+01   3.868E-01   2.817E-10   7.882E+08   5.374E+08   4.561E+07   2.964E+08   1.857E+00   2.084E+00   2.971E+00   7.379E+00
     38            7       0   2.873E+12   1.481E+09   1.560E+01   1.371E-01   9.256E-11   3.073E+08   2.109E+08   2.099E+07   1.174E+08   1.693E+00   1.631E+00   5.243E+00   1.609E+01
     39            8       1   3.004E+12   3.675E+10   3.032E+02   2.904E-01   7.902E-12   4.407E+09   4.118E+09   6.047E+07   3.493E+08   1.808E+00   2.018E+00   2.744E+00   1.184E-01
     40            8       0   3.004E+12   5.237E+09   2.180E+02   1.451E+00   2.771E-10   1.215E+09   6.300E+08   4.484E+08   1.033E+09   2.093E+00   2.217E+00   4.700E+01   5.970E+01
     41            9       1   2.730E+12   4.760E+10   6.352E+02   7.975E-02   1.675E-12   1.229E+09   1.163E+09   5.683E+06   7.149E+07   1.449E+00   1.804E+00   2.929E-01   9.051E-01
     42            9       0   2.730E+12   2.049E+09   3.200E+01   2.566E-01   1.252E-10   6.697E+08   4.860E+08   7.871E+06   1.916E+08   1.693E+00   2.240E+00   5.272E-02   8.862E-01
     43            9       0   2.730E+12   1.259E+09   4.227E+01   2.934E-01   2.331E-10   3.945E+08   1.930E+08   5.870E+07   2.602E+08   1.810E+00   1.990E+00   1.245E+01   2.285E+01
     44            9       0   2.730E+12   1.100E+09   3.464E+01   1.022E-01   9.294E-11   2.458E+08   1.555E+08   5.073E+06   9.531E+07   2.166E+00   2.307E+00   1.357E-01   2.453E+00
     45           10       1   2.481E+12   6.847E+10   5.710E+02   2.593E+00   3.786E-11   9.688E+09   6.867E+09   3.079E+08   3.129E+09   4.593E+00   3.984E+00   4.537E+00   2.953E+00
     46           10       0   2.481E+12   2.780E+09   4.433E+01   4.840E-01   1.741E-10   8.623E+08   5.276E+08   8.143E+07   4.161E+08   2.119E+00   2.247E+00   9.055E+00   2.121E+01
     47           10       0   2.481E+12   1.113E+09   2.161E+01   3.161E-02   2.840E-11   5.092E+07   1.434E+07   1.774E+06   3.835E+07   3.089E+00   3.043E+00   4.523E-01   5.887E+00
     48           11       1   2.252E+12   3.947E+10   3.581E+02   1.584E-02   4.013E-13   8.865E+08   8.767E+08   9.862E+05   1.084E+07   4.660E-01   2.734E+00   2.230E-04   2.172E-03
     49           11       0   2.252E+12   3.999E+09   1.036E+02   1.411E+00   3.528E-10   2.037E+09   1.245E+09   2.434E+08   1.035E+09   1.793E+00   2.078E+00   3.403E+00   1.237E+01
     50           12       1   2.508E+12   3.766E+10   1.173E+03   8.892E-02   2.361E-12   5.987E+08   5.855E+08   1.178E+07   2.506E+07   2.542E-01   7.663E-01   1.631E-02   2.025E-02
     51           13       1   2.490E+12   5.173E+10   9.782E+02   9.043E-01   1.748E-11   2.122E+09   1.471E+09   1.194E+08   7.696E+08   2.994E+00   3.125E+00   1.415E+00   4.480E+00
     52           14       1   2.273E+12   3.788E+10   3.533E+02   3.318E+00   8.761E-11   5.618E+09   3.165E+09   5.806E+08   3.034E+09   3.505E+00   3.390E+00   4.783E+00   1.420E+01
     53           15       1   2.381E+12   2.588E+10   4.327E+02   3.412E+00   1.319E-10   2.649E+09   1.591E+09   1.208E+09   2.265E+09   1.634E+00   1.825E+00   2.244E+01   3.625E+01
     54           15       0   2.381E+12   1.273E+09   3.874E+01   3.137E-01   2.465E-10   1.859E+09   1.635E+09   3.981E+07   2.634E+08   2.327E+00   2.318E+00   4.904E+00   1.728E+01
     55           16       1   1.843E+12   3.105E+10   8.128E+02   2.958E-03   9.528E-14   2.413E+08   2.379E+08   5.109E+04   3.494E+06   1.311E+00   1.847E+00   3.649E-05   9.053E-04
     56           16       0   1.843E+12   5.883E+09   1.865E+02   6.733E-01   1.144E-10   1.417E+09   9.716E+08   1.018E+08   5.475E+08   3.445E+00   3.199E+00   2.490E+01   8.203E+00
     57           17       1   1.867E+12   2.357E+10   6.783E+02   4.877E-02   2.069E-12   1.255E+09   1.190E+09   4.926E+06   7.064E+07   1.352E+00   2.474E+00   1.528E-03   1.171E-02
     58           17       0   1.867E+12   4.602E+09   2.387E+02   1.059E+00   2.301E-10   7.963E+08   3.810E+08   3.429E+08   7.582E+08   2.412E+00   2.465E+00   3.813E+01   5.002E+01
     59           18       1   2.270E+12   6.030E+10   1.183E+03   2.854E+00   4.732E-11   3.992E+09   2.282E+09   5.684E+08   2.278E+09   3.314E+00   3.517E+00   3.532E+00   1.219E+01
     60           19       1   1.747E+12   1.344E+10   2.974E+02   1.598E+00   1.189E-10   2.986E+09   2.514E+09   6.087E+08   1.081E+09   3.079E+00   3.144E+00   6.001E+01   8.064E+01
     61           19       0   1.747E+12   7.370E+09   1.434E+02   2.771E+00   3.759E-10   3.943E+09   2.519E+09   5.379E+08   1.962E+09   2.051E+00   2.251E+00   7.077E+00   1.847E+01
     62           19       0   1.747E+12   4.761E+09   1.737E+02   9.957E-01   2.092E-10   1.810E+09   1.134E+09   1.445E+08   8.208E+08   2.722E+00   2.679E+00   6.807E+00   1.674E+01
     63           20       1   1.867E+12   4.141E+10   1.893E+02   5.446E+00   1.315E-10   1.092E+10   6.519E+09   4.639E+08   4.866E+09   4.332E+00   3.836E+00   9.321E-01   4.365E+00
     64           21       1   1.737E+12   3.047E+10   2.129E+02   5.471E+00   1.796E-10   1.213E+10   7.799E+09   6.237E+08   4.955E+09   3.364E+00   3.097E+00   1.977E+00   6.946E+00
     65           21       0   1.737E+12   3.386E+09   6.255E+01   1.223E+00   3.613E-10   1.769E+09   1.133E+09   2.564E+08   8.923E+08   1.607E+00   1.803E+00   4.822E+00   1.336E+01
     66           22       1   1.597E+12   2.937E+10   8.215E+02   8.180E-01   2.786E-11   2.285E+09   1.959E+09   2.626E+08   5.879E+08   3.114E+00   3.096E+00   4.313E+01   5.048E+01
     67           22       0   1.597E+12   2.372E+09   1.096E+02   9.522E-02   4.014E-11   2.019E+08   1.258E+08   1.001E+07   8.613E+07   1.939E+00   2.406E+00   2.941E+00   4.905E+00
     68           22       0   1.597E+12   2.001E+09   5.330E+01   6.566E-01   3.281E-10   1.283E+09   9.010E+08   8.899E+07   4.710E+08   1.345E+00   1.604E+00   2.898E+00   9.516E+00
     69           22       0   1.597E+12   4.051E+09   8.364E+01   1.501E+00   3.705E-10   1.350E+09   6.417E+08   4.182E+08   1.126E+09   1.973E+00   2.218E+00   4.155E+01   3.986E+01
     70           23       1   1.875E+12   3.754E+10   7.928E+02   1.288E+00   3.430E-11   4.424E+09   3.464E+09   5.851E+07   1.019E+09   2.001E+00   2.535E+00   8.663E-02   1.242E+00
     71           23       0   1.875E+12   1.450E+09   5.426E+01   4.969E-02   3.428E-11   7.126E+07   1.973E+07   5.370E+06   5.690E+07   1.935E+00   2.319E+00   1.473E+00   1.153E+01
     72           23       0   1.875E+12   1.445E+09   3.926E+01   0.000E+00   0.000E+00   0.000E+00   0.000E+00   0.000E+00   0.000E+00  -1.000E+00  -1.000E+00  -1.000E+00  -1.000E+00
     73           24       1   1.578E+12   2.868E+10   2.711E+02   2.866E+00   9.993E-11   4.092E+09   2.198E+09   5.202E+08   2.414E+09   3.741E+00   3.593E+00   5.274E+00   1.457E+01
     74           25       1   1.572E+12   2.020E+10   2.986E+02   2.395E+00   1.186E-10   4.594E+09   2.962E+09   5.285E+08   2.160E+09   2.789E+00   2.873E+00   5.825E+00   1.967E+01
     75           25       0   1.572E+12   3.831E+09   8.140E+01   9.680E-01   2.527E-10   2.403E+09   1.865E+09   1.218E+08   6.591E+08   2.361E+00   2.338E+00   9.141E+00   1.117E+01
     76           26       1   7.284E+11   1.641E+10   1.944E+02   3.211E+00   1.957E-10   7.001E+09   4.761E+09   3.493E+08   2.590E+09   3.113E+00   2.939E+00   2.426E+00   7.205E+00
     77           26       0   7.284E+11   4.457E+09   1.519E+02   2.141E+00   4.803E-10   3.790E+09   3.018E+09   5.822E+08   1.354E+09   1.535E+00   1.697E+00   6.663E+01   6.339E+01
     78           27       1   1.230E+12   3.533E+10   9.685E+02   3.251E+00   9.203E-11   7.402E+09   5.498E+09   4.935E+08   2.397E+09   4.532E+00   4.051E+00   2.742E+01   5.321E+00
     79           28       1   1.151E+12   2.271E+10   2.158E+02   5.542E+00   2.440E-10   8.552E+09   5.242E+09   1.181E+09   4.491E+09   3.083E+00   2.989E+00   9.402E+00   1.975E+01
     80           29       1   1.103E+12   1.493E+10   3.913E+02   3.157E-03   2.115E-13   6.266E+07   6.007E+07   5.686E+04   2.642E+06   1.419E+00   1.463E+00   5.313E-03   1.581E-01
     81           29       0   1.103E+12   1.859E+09   8.666E+01   4.570E-01   2.458E-10   1.675E+09   1.467E+09   1.273E+08   3.351E+08   1.821E+00   1.946E+00   5.058E+01   5.626E+01
     82           29       0   1.103E+12   2.369E+09   5.772E+01   3.129E-01   1.321E-10   3.712E+08   9.122E+07   5.368E+07   3.336E+08   2.813E+00   2.796E+00   3.845E+00   1.448E+01
     83           30       1   1.001E+12   2.342E+10   3.615E+02   1.985E+00   8.475E-11   2.988E+09   1.642E+09   3.947E+08   1.741E+09   3.563E+00   3.325E+00   1.070E+01   1.290E+01
     84           30       0   1.001E+12   1.921E+09   2.155E+01   4.503E-01   2.344E-10   1.102E+09   8.410E+08   6.463E+07   3.251E+08   1.335E+00   1.585E+00   2.315E+00   6.015E+00
     85           31       1   1.172E+12   2.652E+10   1.622E+02   3.550E+00   1.338E-10   1.021E+10   7.038E+09   2.063E+08   3.379E+09   3.743E+00   3.483E+00   3.951E-01   3.593E+00
     86           32       1   1.238E+12   1.198E+10   4.473E+02   2.128E-01   1.777E-11   6.548E+08   5.206E+08   1.759E+07   1.518E+08   1.833E+00   1.953E+00   1.485E+00   7.460E+00
     87           32       0   1.238E+12   1.042E+09   3.508E+01   2.803E-01   2.690E-10   4.231E+08   2.415E+08   4.469E+07   2.263E+08   2.204E+00   2.517E+00   1.051E+01   1.403E+01
     88           33       1   9.753E+11   2.048E+10   6.679E+02   9.347E+00   4.564E-10   4.952E+09   2.864E+09   3.387E+09   5.475E+09   2.896E+00   2.784E+00   1.807E+02   1.640E+02
     89           34       1   1.007E+12   1.498E+10   2.479E+02   1.316E+00   8.784E-11   1.532E+09   8.734E+08   3.699E+08   1.028E+09   1.873E+00   2.013E+00   1.602E+01   2.675E+01
     90           35       1   9.866E+11   2.075E+10   3.024E+02   3.687E+00   1.777E-10   4.208E+09   1.998E+09   9.831E+08   3.194E+09   2.862E+00   2.850E+00   1.465E+01   2.780E+01
     91           36       1   5.877E+11   1.171E+10   2.228E+02   1.100E+00   9.397E-11   1.840E+09   9.147E+08   1.059E+08   1.032E+09   3.177E+00   3.113E+00   4.995E+00   4.335E+00
     92           36       0   5.877E+11   3.580E+09   7.734E+01   1.069E+00   2.986E-10   1.979E+09   1.419E+09   1.281E+08   6.881E+08   1.172E+00   1.938E+00   8.328E-01   4.182E+00
     93           37       1   6.858E+11   1.487E+09   3.682E+01   7.390E-01   4.968E-10   4.754E+09   4.537E+09   6.958E+07   2.867E+08   8.218E-01   1.276E+00   5.540E-01   1.936E+00
     94           37       0   6.858E+11   5.189E+09   8.279E+01   1.825E+00   3.518E-10   2.479E+09   1.467E+09   3.848E+08   1.396E+09   1.562E+00   1.770E+00   8.979E+00   1.884E+01
     95           38       1   9.556E+11   1.472E+10   3.131E+02   2.129E+00   1.446E-10   6.999E+09   5.608E+09   1.971E+08   1.588E+09   3.634E+00   3.226E+00   6.181E+00   3.348E+00
     96           38       0   9.556E+11   1.045E+09   6.986E+01   5.886E-01   5.632E-10   1.621E+09   1.479E+09   1.257E+08   2.673E+08   8.780E-01   1.113E+00   1.540E+01   1.835E+01
     97           39       1   1.012E+12   2.399E+10   1.804E+03   8.549E-03   3.563E-13   6.001E+06   3.243E+06   3.031E+06   5.789E+06   6.714E-01   6.956E-01   3.642E-01   6.534E-01
     98           40       1   9.649E+11   2.225E+10   5.630E+02   1.201E+00   5.400E-11   1.043E+09   2.205E+08   2.876E+08   1.110E+09   3.226E+00   3.255E+00   6.406E+00   1.836E+01
     99           40       0   9.649E+11   5.607E+09   7.130E+01   8.492E-01   1.515E-10   1.048E+09   3.804E+08   1.408E+08   8.085E+08   3.113E+00   3.006E+00   2.540E+01   8.053E+00
    100           41       1   9.031E+11   7.006E+09   1.844E+02   3.389E-01   4.837E-11   1.288E+09   1.171E+09   6.424E+07   1.810E+08   1.310E+00   1.425E+00   8.595E+00   9.064E+00
    101           42       1   7.285E+11   1.088E+10   4.411E+02   3.022E+00   2.777E-10   2.798E+09   1.555E+09   9.684E+08   2.211E+09   2.601E+00   2.507E+00   5.973E+01   7.621E+01
    102           43       1   8.443E+11   2.581E+10   2.616E+02   3.019E+00   1.170E-10   6.241E+09   3.862E+09   3.942E+08   2.774E+09   4.197E+00   3.832E+00   7.154E+00   8.669E+00
    103           44       1   9.146E+11   1.536E+10   2.989E+02   2.531E+00   1.647E-10   5.940E+09   4.182E+09   3.069E+08   2.065E+09   3.929E+00   3.318E+00   6.375E+00   9.540E+00
    104           45       1   8.186E+11   1.736E+10   5.610E+02   3.886E+00   2.238E-10   2.082E+09   1.110E+09   1.444E+09   2.416E+09   2.874E+00   2.858E+00   8.243E+01   9.915E+01
    105           46       1   7.669E+11   3.365E+09   2.586E+01   2.640E+00   7.845E-10   7.203E+09   6.728E+09   6.670E+08   1.142E+09   7.029E-01   9.705E-01   1.014E+02   2.337E+01
    106           46       0   7.669E+11   1.214E+09   9.009E+01   1.182E+00   9.736E-10   5.483E+08   4.397E+08   4.666E+08   5.752E+08   8.228E-01   1.002E+00   9.991E+01   8.512E+01
    107           47       1   7.615E+11   1.843E+10   3.163E+02   3.666E+00   1.990E-10   4.679E+09   2.070E+09   6.627E+08   3.272E+09   2.918E+00   2.930E+00   7.678E+00   1.582E+01
    108           48       1   8.070E+11   2.590E+10   3.395E+02   1.797E+00   6.938E-11   3.319E+09   1.626E+09   1.278E+08   1.820E+09   4.644E+00   4.006E+00   2.762E+00   4.011E+00
    109           49       1   7.125E+11   9.987E+09   3.772E+02   4.593E+00   4.599E-10   3.253E+09   2.341E+09   1.673E+09   2.585E+09   2.071E+00   2.062E+00   2.848E+02   2.693E+02
    110           50       1   6.503E+11   8.116E+09   1.863E+02   1.196E+00   1.474E-10   3.637E+09   2.703E+09   9.224E+07   1.026E+09   3.054E+00   2.972E+00   1.127E+00   6.171E+00
    111           50       0   6.503E+11   2.201E+09   3.651E+01   8.454E-01   3.841E-10   1.479E+09   9.789E+08   1.703E+08   6.709E+08   1.419E+00   1.560E+00   3.981E+00   1.348E+01
    112           51       1   7.348E+11   1.465E+10   2.384E+02   1.829E+00   1.248E-10   4.066E+09   2.697E+09   1.898E+08   1.559E+09   3.858E+00   3.416E+00   5.527E+00   6.681E+00
    113           52       1   8.311E+11   1.449E+10   1.282E+02   9.504E-01   6.561E-11   2.996E+09   2.016E+09   9.201E+07   1.072E+09   4.514E+00   4.041E+00   3.759E+00   6.144E+00
    114           53       1   4.613E+11   5.629E+09   1.754E+02   1.665E+00   2.958E-10   2.210E+09   1.471E+09   4.229E+08   1.162E+09   1.748E+00   1.862E+00   1.626E+01   3.121E+01
    115           54       1   6.962E+11   1.027E+10   9.891E+01   1.113E+00   1.084E-10   4.720E+09   3.720E+09   5.432E+07   1.055E+09   3.306E+00   3.356E+00   3.044E-01   4.088E+00
    116           55       1   6.179E+11   1.032E+10   3.551E+02   1.472E+00   1.427E-10   5.753E+08   3.383E+08   5.451E+08   7.821E+08   2.981E+00   3.049E+00   3.489E+02   3.415E+02
    117           56       1   5.962E+11   6.706E+09   1.318E+02   1.934E+00   2.884E-10   5.719E+09   4.580E+09   2.132E+08   1.352E+09   2.260E+00   2.202E+00   1.802E+00   5.748E+00
    118           56       0   5.962E+11   1.434E+09   3.691E+01   4.857E-01   3.387E-10   5.579E+08   2.794E+08   1.132E+08   3.916E+08   2.017E+00   2.143E+00   1.450E+01   2.342E+01
    119           57       1   5.707E+11   8.712E+09   6.867E+01   1.233E+00   1.415E-10   7.692E+09   6.800E+09   6.281E+07   9.544E+08   2.930E+00   2.706E+00   1.206E-01   1.278E+00
    120           58       1   6.392E+11   1.069E+10   2.804E+02   1.085E+00   1.014E-10   2.219E+09   1.450E+09   1.087E+08   8.770E+08   3.051E+00   2.930E+00   4.780E+00   5.060E+00
    121           59       1   6.192E+11   9.199E+09   1.630E+02   3.475E+00   3.778E-10   2.460E+09   1.178E+09   1.230E+09   2.512E+09   1.866E+00   1.996E+00   2.862E+01   4.946E+01
    122           60       1   3.116E+11   3.529E+09   3.605E+01   1.345E+00   3.810E-10   5.345E+09   4.698E+09   8.761E+07   7.349E+08   2.066E+00   2.335E+00   1.002E-01   1.313E+00
    123           61       1   4.828E+11   5.369E+09   1.175E+02   1.771E+00   3.298E-10   3.303E+09   2.431E+09   4.266E+08   1.298E+09   2.138E+00   2.080E+00   4.974E+01   3.966E+01
    124           62       1   6.309E+11   6.957E+09   3.239E+02   1.439E-01   2.068E-11   3.842E+08   2.606E+08   1.712E+07   1.407E+08   2.518E+00   2.906E+00   7.418E-01   5.729E+00
    125           63       1   5.924E+11   1.425E+10   2.353E+02   8.633E-01   6.057E-11   2.327E+09   1.544E+09   8.382E+07   8.666E+08   5.060E+00   4.364E+00   1.192E+01   6.188E+00
    126           64       1   5.786E+11   1.052E+10   2.884E+02   3.686E-02   3.503E-12   1.362E+08   1.007E+08   3.566E+06   3.904E+07   2.811E+00   3.135E+00   4.057E+00   8.859E+00
    127           65       1   4.898E+11   1.091E+10   9.982E+01   1.792E+00   1.642E-10   5.515E+09   4.171E+09   1.492E+08   1.493E+09   3.845E+00   3.351E+00   2.951E+00   4.066E+00
    128           66       1   3.128E+11   1.569E+09   4.494E+01   4.915E-01   3.133E-10   1.229E+09   9.766E+08   1.062E+08   3.590E+08   1.492E+00   1.586E+00   1.377E+01   2.407E+01
    129           66       0   3.128E+11   1.355E+09   3.552E+01   4.996E-01   3.686E-10   8.361E+08   5.394E+08   8.363E+07   3.804E+08   1.374E+00   1.547E+00   7.859E+00   1.806E+01
    130           67       1   3.210E+11   4.266E+09   4.782E+01   6.255E-01   1.466E-10   1.491E+09   9.841E+08   4.007E+07   5.473E+08   2.629E+00   2.685E+00   1.304E+00   4.391E+00
    131           67       0   3.210E+11   3.316E+09   4.086E+01   5.922E-01   1.786E-10   1.027E+09   5.292E+08   5.542E+07   5.530E+08   2.555E+00   2.667E+00   3.334E+00   4.319E+00
    132           68       1   4.549E+11   7.300E+09   6.397E+01   2.150E+00   2.945E-10   4.333E+09   3.032E+09   2.875E+08   1.589E+09   2.064E+00   2.417E+00   2.825E+00   9.947E+00
    133           69       1   5.181E+11   8.295E+09   1.758E+02   1.742E+00   2.100E-10   7.968E+08   1.704E+08   6.634E+08   1.290E+09   2.583E+00   2.625E+00   5.756E+01   7.948E+01
    134           70       1   4.244E+11   8.124E+09   2.631E+02   8.684E-01   1.069E-10   2.979E+09   2.368E+09   7.280E+07   6.839E+08   2.859E+00   3.168E+00   8.567E+00   6.233E+00
    135           71       1   5.014E+11   4.258E+09   2.506E+02   5.706E-01   1.340E-10   6.043E+08   3.882E+08   2.015E+08   4.176E+08   1.810E+00   1.828E+00   4.191E+01   6.515E+01
    136           72       1   4.101E+11   5.688E+09   9.326E+01   1.597E+00   2.808E-10   3.814E+09   3.021E+09   2.885E+08   1.081E+09   2.505E+00   2.554E+00   5.122E+01   2.470E+01
    137           73       1   2.479E+11   2.886E+09   7.673E+01   2.026E-01   7.021E-11   1.627E+09   1.486E+09   9.481E+06   1.504E+08   2.283E+00   2.364E+00   3.330E-01   1.183E+00
    138           73       0   2.479E+11   2.776E+09   1.069E+02   2.034E-01   7.327E-11   2.298E+08   8.709E+07   4.650E+07   1.892E+08   3.499E+00   3.437E+00   1.195E+01   2.872E+01
    139           74       1   4.741E+11   9.340E+09   1.299E+02   1.081E+00   1.157E-10   1.376E+09   5.888E+08   1.882E+08   9.756E+08   2.921E+00   3.073E+00   6.310E+00   1.246E+01
    140           75       1   4.621E+11   3.566E+09   8.899E+01   4.405E-01   1.235E-10   2.017E+09   1.659E+09   4.546E+07   4.039E+08   2.478E+00   2.480E+00   1.235E+00   5.935E+00
    141           76       1   4.336E+11   7.454E+09   1.561E+02   1.059E+00   1.420E-10   5.485E+09   4.650E+09   6.847E+07   9.033E+08   3.359E+00   3.307E+00   2.033E+00   2.995E+00
    142           77       1   4.637E+11   1.045E+10   1.253E+02   1.259E+00   1.205E-10   3.705E+09   2.606E+09   5.771E+07   1.157E+09   2.916E+00   3.232E+00   2.185E-01   4.014E+00
    143           78       1   4.088E+11   3.542E+09   2.015E+02   8.469E-01   2.391E-10   2.928E+09   2.593E+09   2.751E+08   6.093E+08   2.370E+00   2.312E+00   5.017E+01   7.433E+01
    144           79       1   4.669E+11   6.796E+09   1.959E+02   9.665E-01   1.422E-10   1.526E+09   9.013E+08   1.917E+08   8.167E+08   2.705E+00   2.568E+00   7.102E+00   1.451E+01
    145           80       1   4.138E+11   3.798E+09   1.210E+02   1.338E+00   3.524E-10   1.793E+09   1.164E+09   2.973E+08   9.268E+08   1.471E+00   1.802E+00   7.949E+00   2.189E+01
    146           81       1   4.341E+11   7.342E+09   8.809E+01   1.397E+00   1.903E-10   3.316E+09   2.339E+09   1.682E+08   1.146E+09   2.898E+00   2.680E+00   1.703E+01   6.345E+00
    147           82       1   4.614E+11   1.109E+10   1.551E+02   1.230E+00   1.109E-10   2.317E+09   1.264E+09   1.173E+08   1.170E+09   3.752E+00   3.579E+00   2.517E+00   6.921E+00
    148           83       1   4.195E+11   8.421E+09   1.800E+02   8.764E-01   1.041E-10   3.446E+09   2.834E+09   5.902E+07   6.705E+08   2.739E+00   2.666E+00   2.484E+00   1.817E+00
    149           84       1   4.204E+11   4.272E+09   1.025E+02   1.827E+00   4.277E-10   3.915E+09   3.096E+09   3.007E+08   1.120E+09   1.788E+00   1.784E+00   3.570E+00   8.245E+00
    150           85       1   4.058E+11   6.762E+09   1.661E+02   1.630E+00   2.411E-10   2.071E+09   1.293E+09   4.110E+08   1.189E+09   2.512E+00   2.565E+00   1.264E+01   2.798E+01
    151           86       1   4.025E+11   7.026E+09   2.494E+02   1.224E+00   1.743E-10   1.918E+09   1.045E+09   1.853E+08   1.059E+09   2.916E+00   2.696E+00   5.169E+00   9.804E+00
    152           87       1   3.042E+11   3.048E+09   1.317E+02   4.400E-01   1.444E-10   9.296E+08   6.705E+08   1.121E+08   3.712E+08   2.319E+00   2.538E+00   3.817E+01   4.314E+01
    153           88       1   4.204E+11   7.162E+09   1.038E+02   8.402E-01   1.173E-10   2.920E+09   2.211E+09   5.303E+07   7.621E+08   3.376E+00   3.536E+00   2.333E+00   4.754E+00
    154           89       1   3.563E+11   8.287E+09   1.050E+02   1.333E+00   1.609E-10   4.750E+09   3.835E+09   1.078E+08   1.022E+09   3.465E+00   3.218E+00   2.013E+00   5.572E+00
    155           90       1   3.145E+11   4.622E+09   7.963E+01   1.071E+00   2.317E-10   2.052E+09   1.295E+09   1.350E+08   8.913E+08   2.441E+00   2.350E+00   5.493E+00   1.035E+01
    156           91       1   3.672E+11   3.645E+09   6.173E+01   7.365E-01   2.020E-10   2.498E+09   2.030E+09   6.752E+07   5.358E+08   2.704E+00   2.495E+00   4.944E+00   4.246E+00
    157           92       1   3.625E+11   4.337E+09   1.549E+02   1.028E+00   2.371E-10   9.066E+08   4.146E+08   3.153E+08   8.073E+08   1.777E+00   1.813E+00   4.594E+01   4.344E+01
    158           93       1   3.124E+11   5.053E+09   1.417E+02   1.637E+00   3.240E-10   3.551E+09   2.704E+09   3.057E+08   1.153E+09   2.101E+00   2.097E+00   1.460E+01   2.983E+01
    159           94       1   3.503E+11   4.163E+09   2.350E+02   2.862E-01   6.876E-11   2.333E+08   5.996E+07   7.994E+07   2.533E+08   2.784E+00   2.764E+00   1.432E+01   3.659E+01
    160           95       1   2.876E+11   4.086E+09   7.279E+01   9.143E-01   2.238E-10   1.681E+09   1.066E+09   1.128E+08   7.275E+08   1.925E+00   2.119E+00   2.779E+00   9.985E+00
    161           96       1   3.552E+11   5.598E+09   2.554E+02   1.233E+00   2.202E-10   1.027E+09   6.400E+08   3.920E+08   7.792E+08   2.375E+00   2.450E+00   1.104E+02   8.747E+01
    162           98       1   3.294E+11   6.171E+09   2.381E+02   7.244E-01   1.174E-10   1.765E+09   1.339E+09   1.133E+08   5.392E+08   3.067E+00   2.870E+00   2.105E+01   1.044E+01
    163           99       1   3.234E+11   5.162E+09   2.342E+02   8.113E-01   1.572E-10   6.062E+08   2.945E+08   2.673E+08   5.789E+08   2.393E+00   2.408E+00   5.524E+01   4.765E+01
    164          100       1   2.996E+11   5.739E+09   1.325E+02   1.392E+00   2.426E-10   2.029E+09   1.228E+09   2.612E+08   1.062E+09   2.102E+00   2.116E+00   4.247E+00   1.332E+01
    165          101       1   2.429E+11   2.640E+09   8.912E+01   3.153E-01   1.194E-10   6.104E+08   3.566E+08   4.757E+07   3.013E+08   2.284E+00   2.377E+00   3.466E+00   9.203E+00
    166          102       1   3.330E+11   4.567E+09   1.492E+02   6.713E-01   1.470E-10   1.344E+09   8.368E+08   6.566E+07   5.727E+08   3.236E+00   3.028E+00   6.764E+00   7.035E+00
    167          104       1   3.089E+11   3.137E+09   2.842E+01   5.967E-01   1.902E-10   2.532E+09   2.155E+09   3.084E+07   4.076E+08   2.133E+00   2.402E+00   2.635E-01   1.118E+00
    168          105       1   3.449E+11   3.696E+09   8.592E+01   8.915E-01   2.412E-10   1.084E+09   4.957E+08   1.825E+08   7.706E+08   1.809E+00   2.053E+00   5.495E+00   1.796E+01
    169          106       1   2.186E+11   1.435E+09   5.545E+01   8.238E-02   5.742E-11   3.770E+08   3.139E+08   6.319E+06   6.942E+07   1.380E+00   2.204E+00   6.563E-01   3.625E+00
    170          107       1   3.225E+11   5.824E+09   1.172E+02   8.863E-01   1.522E-10   4.553E+08   7.274E+07   3.140E+08   6.965E+08   2.938E+00   3.093E+00   2.038E+01   3.838E+01
    171          108       1   3.242E+11   4.445E+09   7.968E+01   5.487E-01   1.234E-10   1.792E+09   1.361E+09   5.120E+07   4.815E+08   3.569E+00   3.501E+00   2.131E+00   8.494E+00
    172          109       1   2.942E+11   5.429E+09   2.217E+02   4.089E-01   7.531E-11   1.367E+09   1.120E+09   6.980E+07   3.170E+08   2.526E+00   2.519E+00   1.149E+01   1.783E+01
    173          110       1   2.760E+11   2.093E+09   7.467E+01   1.807E-01   8.635E-11   4.424E+08   2.925E+08   1.363E+07   1.636E+08   2.070E+00   2.525E+00   3.768E-01   4.710E+00
    174          111       1   2.748E+11   2.853E+09   4.882E+01   5.859E-01   2.054E-10   1.705E+09   1.345E+09   4.322E+07   4.036E+08   1.639E+00   1.995E+00   8.635E-01   3.468E+00
    175          112       1   2.925E+11   4.578E+09   1.018E+02   2.333E-01   5.095E-11   1.788E+08   2.661E+07   6.271E+07   2.149E+08   3.517E+00   3.587E+00   8.028E+00   2.381E+01
    176          113       1   2.472E+11   2.014E+09   3.561E+01   5.484E-01   2.723E-10   1.698E+09   1.360E+09   5.636E+07   3.943E+08   1.946E+00   2.119E+00   5.722E+00   1.089E+01
    177          114       1   2.549E+11   1.677E+09   4.421E+01   8.959E-01   5.341E-10   1.497E+09   1.070E+09   1.467E+08   5.730E+08   1.438E+00   1.579E+00   1.070E+01   1.642E+01
    178          115       1   2.596E+11   3.242E+09   2.474E+01   4.827E-01   1.489E-10   1.820E+09   1.453E+09   6.322E+07   4.303E+08   2.286E+00   2.269E+00   9.755E+00   1.366E+01
    179          116       1   2.592E+11   1.841E+09   4.635E+01   4.786E-01   2.599E-10   5.442E+08   2.405E+08   1.022E+08   4.059E+08   1.663E+00   1.880E+00   8.092E+00   2.480E+01
    180          117       1   2.675E+11   1.285E+09   4.581E+01   3.830E-01   2.980E-10   6.252E+08   4.195E+08   6.686E+07   2.726E+08   1.514E+00   1.709E+00   3.908E+00   1.316E+01
    181          118       1   2.624E+11   3.344E+09   2.720E+01   7.338E-01   2.194E-10   2.192E+09   1.750E+09   5.658E+07   4.981E+08   2.374E+00   2.507E+00   2.260E+00   2.271E+00
    182          119       1   2.631E+11   3.915E+09   5.659E+01   6.204E-01   1.585E-10   1.408E+09   9.979E+08   5.099E+07   4.607E+08   2.958E+00   2.931E+00   2.029E+00   3.196E+00
    183          120       1   2.262E+11   1.763E+09   4.936E+01   4.828E-01   2.739E-10   3.881E+09   3.572E+09   2.687E+07   3.357E+08   1.675E+00   2.001E+00   8.879E-01   3.954E+00
    184          121       1   2.044E+11   1.837E+09   3.500E+01   3.357E-01   1.828E-10   1.069E+09   8.441E+08   4.459E+07   2.690E+08   1.572E+00   1.788E+00   1.466E+00   5.714E+00
    185          122       1   2.317E+11   1.964E+09   6.224E+01   5.355E-01   2.726E-10   2.498E+09   2.218E+09   1.317E+08   4.120E+08   1.669E+00   1.714E+00   1.206E+01   2.351E+01
    186          123       1   2.466E+11   2.063E+09   9.775E+01   1.132E-01   5.486E-11   2.146E+08   1.288E+08   1.834E+07   1.042E+08   2.218E+00   2.470E+00   6.664E-01   3.478E+00
    187          124       1   2.380E+11   2.741E+09   4.601E+01   7.024E-01   2.563E-10   1.386E+09   8.868E+08   6.456E+07   5.637E+08   2.017E+00   2.093E+00   1.464E+00   4.081E+00
    188          125       1   1.966E+11   2.204E+09   9.984E+01   4.393E-01   1.994E-10   4.869E+08   2.177E+08   1.028E+08   3.720E+08   1.969E+00   2.059E+00   1.170E+01   2.573E+01
    189          126       1   2.500E+11   2.560E+09   1.011E+02   6.063E-01   2.369E-10   1.438E+09   1.081E+09   6.512E+07   4.224E+08   2.288E+00   2.287E+00   5.889E+00   7.953E+00
    190          128       1   2.335E+11   2.834E+09   1.047E+02   6.334E-01   2.235E-10   8.734E+08   5.180E+08   1.554E+08   5.109E+08   1.864E+00   2.018E+00   1.915E+01   3.030E+01
    191          131       1   2.272E+11   2.980E+09   1.636E+02   2.710E-01   9.092E-11   2.736E+08   1.085E+08   7.048E+07   2.356E+08   2.443E+00   2.664E+00   6.204E+00   1.755E+01
    192          132       1   2.352E+11   3.551E+09   9.494E+01   7.376E-01   2.077E-10   8.299E+08   3.082E+08   1.474E+08   6.691E+08   2.213E+00   2.318E+00   6.449E+00   1.678E+01
    193          136       1   2.004E+11   1.145E+09   4.270E+01   4.833E-01   4.219E-10   1.123E+09   8.999E+08   8.373E+07   3.073E+08   1.026E+00   1.360E+00   1.206E+01   1.703E+01
    194          137       1   1.956E+11   1.338E+09   3.308E+01   7.277E-01   5.438E-10   2.190E+09   1.870E+09   1.227E+08   4.428E+08   1.215E+00   1.408E+00   2.017E+01   1.898E+01
    195          138       1   2.011E+11   1.257E+09   5.456E+01   2.103E-01   1.672E-10   1.349E+08   2.788E+07   6.857E+07   1.756E+08   3.267E+00   3.213E+00   2.501E+01   4.475E+01
    196          139       1   2.083E+11   2.588E+09   8.087E+01   2.078E-01   8.032E-11   2.556E+08   8.969E+07   3.197E+07   1.979E+08   3.286E+00   3.168E+00   4.879E+00   9.958E+00
    197          143       1   1.761E+11   1.465E+09   5.519E+01   1.909E-01   1.303E-10   2.882E+08   1.490E+08   3.586E+07   1.751E+08   2.465E+00   2.438E+00   9.291E+00   2.195E+01
    198          147       1   1.925E+11   1.741E+09   7.124E+01   1.099E-01   6.312E-11   3.039E+08   2.087E+08   6.389E+06   1.016E+08   1.909E+00   2.782E+00   1.882E-01   2.670E+00
    199          148       1   1.660E+11   1.078E+09   3.168E+01   2.838E-01   2.632E-10   1.335E+09   1.137E+09   2.554E+07   2.241E+08   1.846E+00   2.034E+00   1.345E+00   8.158E+00
    200          149       1   1.892E+11   2.428E+09   3.234E+01   2.924E-01   1.204E-10   6.980E+08   4.481E+08   1.877E+07   2.687E+08   2.702E+00   2.903E+00   7.518E-01   4.048E+00
    201          150       1   1.644E+11   1.619E+09   4.920E+01   1.602E-01   9.892E-11   1.539E+08   5.258E+07   3.826E+07   1.396E+08   2.641E+00   2.958E+00   8.984E+00   1.794E+01
    202          151       1   1.847E+11   1.572E+09   7.669E+01   1.292E-01   8.219E-11   1.445E+08   5.625E+07   2.985E+07   1.181E+08   2.709E+00   2.836E+00   9.794E+00   2.155E+01
    203          152       1   1.429E+11   1.295E+09   1.318E+01   2.874E-01   2.218E-10   8.249E+08   6.309E+08   1.398E+07   2.079E+08   1.454E+00   1.875E+00   1.246E-01   1.578E+00
    204          155       1   1.179E+11   1.257E+09   3.882E+01   1.417E-01   1.128E-10   4.222E+08   3.090E+08   1.485E+07   1.281E+08   2.746E+00   2.671E+00   4.446E+00   8.084E+00
    205          159       1   1.793E+11   1.419E+09   7.616E+01   4.381E-02   3.087E-11   2.013E+08   1.662E+08   4.675E+06   3.974E+07   2.634E+00   2.400E+00   1.578E+00   1.006E+01
    206          160       1   1.565E+11   1.676E+09   4.106E+01   5.145E-01   3.070E-10   1.792E+09   1.506E+09   5.268E+07   3.393E+08   1.583E+00   1.741E+00   1.971E+00   6.938E+00
    207          163       1   1.642E+11   1.236E+09   4.162E+01   2.156E-01   1.745E-10   3.864E+08   2.359E+08   2.911E+07   1.796E+08   1.576E+00   2.113E+00   8.248E+00   1.203E+01
    208          164       1   1.653E+11   1.183E+09   6.704E+01   8.741E-02   7.387E-11   1.059E+08   3.403E+07   1.600E+07   8.787E+07   2.494E+00   2.716E+00   3.535E+00   1.312E+01
    209          165       1   1.014E+11   1.147E+09   1.111E+01   1.611E-01   1.405E-10   6.991E+08   5.999E+08   5.156E+06   1.044E+08   1.445E+00   1.772E+00   3.549E-02   7.160E-01
    210          166       1   1.586E+11   1.058E+09   4.247E+01   1.783E-01   1.686E-10   2.114E+08   9.887E+07   3.919E+07   1.518E+08   2.234E+00   2.520E+00   1.085E+01   2.995E+01
    211          170       1   1.314E+11   1.322E+09   2.902E+01   4.964E-01   3.756E-10   1.134E+09   8.815E+08   5.383E+07   3.059E+08   1.050E+00   1.388E+00   8.778E-01   4.534E+00
    212          171       1   1.511E+11   1.127E+09   6.120E+01   6.076E-01   5.393E-10   8.237E+08   6.357E+08   1.370E+08   3.251E+08   1.060E+00   1.307E+00   6.543E+00   9.711E+00
    213          176       1   1.486E+11   1.701E+09   7.537E+01   2.714E-01   1.596E-10   3.938E+08   2.265E+08   5.234E+07   2.196E+08   2.133E+00   2.187E+00   1.429E+01   2.425E+01
    214          186       1   1.500E+11   2.189E+09   7.823E+01   7.072E-02   3.231E-11   9.577E+07   2.488E+07   8.582E+06   7.947E+07   3.329E+00   3.313E+00   2.132E+00   1.392E+01
    215          188       1   1.147E+11   1.965E+09   7.837E+01   5.232E-01   2.663E-10   1.143E+09   8.826E+08   7.730E+07   3.380E+08   1.623E+00   1.722E+00   5.075E+00   1.159E+01
    216          189       1   1.223E+11   1.341E+09   5.529E+01   4.474E-01   3.336E-10   5.963E+08   3.679E+08   9.767E+07   3.261E+08   1.436E+00   1.505E+00   1.692E+01   2.840E+01
    217          190       1   1.467E+11   1.376E+09   3.304E+01   6.228E-02   4.525E-11   1.001E+08   3.862E+07   4.997E+06   6.649E+07   2.581E+00   3.175E+00   7.419E-01   7.927E+00
    218          200       1   1.260E+11   1.014E+09   3.403E+01   6.031E-02   5.945E-11   1.369E+08   8.127E+07   2.105E+06   5.776E+07   2.248E+00   2.909E+00   6.772E-02   1.743E+00
    219          205       1   1.051E+11   1.394E+09   1.339E+01   2.083E-01   1.494E-10   1.141E+09   9.801E+08   1.091E+07   1.721E+08   1.665E+00   1.919E+00   3.375E-01   1.868E+00
    220          214       1   1.187E+11   1.103E+09   1.510E+01   1.436E-01   1.302E-10   3.116E+08   1.907E+08   7.471E+06   1.284E+08   2.260E+00   2.317E+00   3.856E-01   4.622E+00
    221          233       1   1.010E+11   1.194E+09   1.971E+01   1.176E-01   9.854E-11   2.789E+08   1.856E+08   7.092E+06   1.003E+08   1.825E+00   2.112E+00   4.102E-01   4.148E+00
    222          260       1   8.593E+10   1.283E+09   3.434E+01   5.699E-01   4.443E-10   5.543E+08   2.994E+08   1.624E+08   4.174E+08   1.333E+00   1.519E+00   1.563E+01   2.992E+01
    223          262       1   8.595E+10   1.112E+09   2.275E+01   1.204E-01   1.083E-10   2.872E+08   1.970E+08   4.478E+06   9.467E+07   1.770E+00   2.392E+00   6.142E-02   1.291E+00
