# Eagle run L0025N0376/REFERENCE snapshot_015_z002p012
# number of galaxies = 118
# SubIndex; GroupNumber; IsCentral; M200 of host [Msun]; M*,30pkpc [Msun]; Sigma_*,r1/2 [Msun ppc^-2]; SFR [Msun yr^-1]; sSFR [yr^-1];
    M_HI_BR06 [Msun]; M_HI_GK11 [Msun]; M_H2_BR06 [Msun]; M_H2_GK11 [Msun]; MMW ZH2_BR06_rhalf [Zsun]; MMW ZH2_GK11_rhalf [Zsun]; SigmaH2_BR06,r1/2 [Msun ppc^-2]; SigmaH2_GK11,r1/2 [Msun ppc^-2]
      0            0       1   2.808E+12   3.130E+10   1.995E+03   4.062E+01   1.167E-09   1.263E+10   9.811E+09   1.295E+10   1.577E+10   1.517E+00   1.511E+00   6.686E+02   6.327E+02
      1            0       0   2.808E+12   1.647E+10   1.949E+03   1.995E+01   1.212E-09   6.489E+09   5.321E+09   6.389E+09   7.557E+09   1.846E+00   1.844E+00   6.415E+02   6.480E+02
      2            0       0   2.808E+12   1.106E+09   1.943E+01   3.536E-01   3.196E-10   5.217E+08   4.006E+08   3.354E+07   1.546E+08   1.192E+00   1.301E+00   4.627E+00   1.060E+01
      3            1       1   2.005E+12   3.290E+10   1.894E+03   3.522E+01   1.071E-09   1.124E+10   9.338E+09   1.205E+10   1.395E+10   2.112E+00   2.114E+00   4.186E+02   3.893E+02
      4            2       1   5.956E+11   1.311E+10   1.493E+03   1.370E+01   1.045E-09   5.112E+09   3.630E+09   4.794E+09   6.276E+09   1.701E+00   1.689E+00   1.704E+02   1.668E+02
      5            2       0   5.956E+11   3.878E+09   1.004E+02   4.370E+00   1.127E-09   4.985E+09   4.331E+09   1.269E+09   1.923E+09   8.590E-01   9.604E-01   9.686E+01   8.823E+01
      6            2       0   5.956E+11   9.853E+09   1.968E+03   6.373E+00   6.468E-10   3.063E+09   2.097E+09   2.124E+09   3.091E+09   1.892E+00   1.861E+00   2.686E+02   1.963E+02
      7            2       0   5.956E+11   1.098E+09   2.868E+01   1.479E+00   1.347E-09   2.362E+09   2.222E+09   2.462E+08   3.864E+08   4.376E-01   8.446E-01   2.177E+00   3.650E+00
      8            3       1   1.788E+12   2.239E+10   1.235E+04   2.557E+00   1.142E-10   6.473E+09   6.005E+09   4.301E+08   8.982E+08   7.596E-01   1.683E+00   1.915E+00   3.536E+00
      9            3       0   1.788E+12   1.160E+09   2.997E+01   2.361E+00   2.037E-09   3.150E+09   3.051E+09   5.309E+08   6.290E+08   4.181E-01   6.626E-01   6.391E+00   7.266E+00
     10            4       1   7.623E+11   1.538E+10   5.711E+02   9.882E+00   6.425E-10   1.056E+10   8.425E+09   2.996E+09   5.135E+09   2.216E+00   2.214E+00   7.041E+01   9.396E+01
     11            4       0   7.623E+11   3.879E+09   1.136E+02   3.675E+00   9.472E-10   4.108E+09   3.397E+09   9.035E+08   1.614E+09   1.237E+00   1.306E+00   3.843E+01   4.034E+01
     12            4       0   7.623E+11   4.079E+09   1.814E+02   2.118E+00   5.192E-10   2.014E+09   1.456E+09   5.949E+08   1.152E+09   1.013E+00   1.291E+00   1.561E+01   2.876E+01
     13            5       1   1.565E+12   1.531E+10   1.133E+03   4.301E+01   2.497E-09   1.441E+10   1.333E+10   1.222E+10   1.330E+10   1.260E+00   1.249E+00   1.005E+03   8.864E+02
     14            6       1   1.503E+12   1.662E+10   1.645E+03   3.142E+01   1.890E-09   1.041E+10   9.169E+09   1.074E+10   1.198E+10   1.628E+00   1.625E+00   5.886E+02   5.568E+02
     15            6       0   1.503E+12   4.614E+09   1.344E+02   4.057E+00   8.794E-10   4.883E+09   3.811E+09   9.338E+08   2.005E+09   1.149E+00   1.303E+00   2.583E+01   3.665E+01
     16            7       1   1.611E+12   2.466E+10   3.034E+03   1.571E+01   6.484E-10   1.166E+10   1.074E+10   5.731E+09   6.657E+09   1.561E+00   1.600E+00   1.644E+02   1.760E+02
     17            8       1   1.168E+12   1.583E+10   1.333E+03   4.271E+00   2.698E-10   7.477E+09   6.069E+09   7.491E+08   2.156E+09   1.674E+00   1.899E+00   4.829E+00   1.110E+01
     18            8       0   1.168E+12   1.043E+10   2.436E+02   8.660E+00   8.303E-10   7.876E+09   5.862E+09   2.613E+09   4.627E+09   1.359E+00   1.483E+00   2.516E+01   3.972E+01
     19            9       1   1.400E+12   1.553E+10   1.399E+03   2.033E+01   1.309E-09   7.683E+09   6.076E+09   6.106E+09   7.713E+09   1.841E+00   1.799E+00   1.190E+03   1.028E+03
     20            9       0   1.400E+12   9.161E+09   1.223E+03   1.849E+01   2.019E-09   1.361E+09   7.256E+08   5.579E+09   6.214E+09   1.749E+00   1.743E+00   1.802E+03   1.683E+03
     21           10       1   1.212E+12   2.422E+10   5.734E+02   1.570E+01   6.484E-10   6.269E+09   4.996E+09   5.625E+09   6.898E+09   1.652E+00   1.686E+00   2.724E+02   2.904E+02
     22           11       1   1.242E+12   1.732E+10   2.444E+03   5.080E+00   2.933E-10   6.625E+09   5.965E+09   1.681E+09   2.342E+09   1.010E+00   1.210E+00   2.919E+01   3.461E+01
     23           12       1   1.199E+12   1.806E+10   7.758E+02   1.114E+01   6.165E-10   8.943E+09   6.941E+09   3.640E+09   5.642E+09   1.239E+00   1.338E+00   3.962E+01   5.481E+01
     24           12       0   1.199E+12   1.238E+09   4.165E+01   3.688E-01   2.979E-10   2.737E+08   1.001E+08   1.038E+08   2.773E+08   1.475E+00   1.651E+00   6.110E+00   1.317E+01
     25           13       1   8.940E+11   1.466E+10   5.833E+02   1.158E+01   7.901E-10   1.056E+10   8.011E+09   3.043E+09   5.591E+09   1.307E+00   1.449E+00   2.989E+01   4.638E+01
     26           14       1   1.026E+12   1.051E+10   2.999E+02   1.267E+01   1.206E-09   1.357E+10   1.158E+10   3.588E+09   5.572E+09   1.246E+00   1.331E+00   6.646E+01   5.593E+01
     27           15       1   6.848E+11   1.050E+10   1.770E+03   9.784E+00   8.504E-10   5.823E+09   4.899E+09   3.138E+09   4.062E+09   1.882E+00   1.903E+00   2.672E+02   2.740E+02
     28           15       0   6.848E+11   2.054E+09   7.571E+01   2.944E+00   1.433E-09   3.859E+09   3.466E+09   6.992E+08   1.092E+09   7.126E-01   9.142E-01   1.210E+01   1.934E+01
     29           16       1   8.729E+11   1.227E+10   4.013E+02   1.109E+01   9.039E-10   1.307E+10   1.038E+10   3.141E+09   5.830E+09   1.655E+00   1.668E+00   3.794E+01   5.283E+01
     30           17       1   6.256E+11   2.826E+09   7.331E+01   3.586E+00   1.269E-09   4.742E+09   4.238E+09   9.158E+08   1.420E+09   6.942E-01   8.580E-01   3.916E+01   2.976E+01
     31           17       0   6.256E+11   1.209E+09   4.565E+01   1.261E+00   1.043E-09   1.582E+09   1.393E+09   3.170E+08   5.064E+08   7.655E-01   8.730E-01   2.866E+01   3.396E+01
     32           17       0   6.256E+11   1.991E+09   8.362E+01   1.857E+00   9.326E-10   1.510E+09   1.097E+09   5.632E+08   9.762E+08   9.720E-01   1.082E+00   4.264E+01   4.110E+01
     33           18       1   8.790E+11   1.343E+10   4.485E+02   8.842E+00   6.341E-10   6.355E+09   4.818E+09   2.825E+09   4.362E+09   1.245E+00   1.338E+00   8.830E+01   8.969E+01
     34           19       1   7.322E+11   2.313E+09   2.040E+01   1.941E+00   8.391E-10   6.834E+09   6.510E+09   3.459E+08   6.702E+08   4.951E-01   8.092E-01   3.615E+00   4.502E+00
     35           20       1   4.797E+11   3.014E+09   7.864E+01   4.961E+00   1.646E-09   5.181E+09   4.750E+09   1.414E+09   1.845E+09   5.295E-01   7.072E-01   3.560E+01   3.967E+01
     36           21       1   6.770E+11   5.473E+09   1.301E+02   6.180E+00   1.129E-09   8.288E+09   7.239E+09   1.374E+09   2.423E+09   1.110E+00   1.307E+00   1.281E+01   2.653E+01
     37           21       0   6.770E+11   1.099E+09   3.725E+01   1.090E+00   9.915E-10   1.523E+09   1.197E+09   1.835E+08   5.090E+08   9.266E-01   1.160E+00   4.797E+00   1.394E+01
     38           22       1   6.257E+11   2.053E+10   1.555E+03   2.322E+01   1.131E-09   2.205E+09   1.760E+09   6.724E+09   7.169E+09   2.196E+00   2.208E+00   1.150E+03   1.176E+03
     39           23       1   6.194E+11   4.586E+09   2.303E+02   6.031E+00   1.315E-09   5.938E+09   5.439E+09   1.947E+09   2.445E+09   1.099E+00   1.128E+00   2.930E+02   2.484E+02
     40           24       1   5.494E+11   2.224E+09   3.460E+01   1.764E+00   7.934E-10   5.879E+09   5.596E+09   3.179E+08   6.009E+08   6.662E-01   8.657E-01   1.396E+01   1.928E+01
     41           25       1   4.641E+11   3.406E+09   1.384E+02   4.031E+00   1.184E-09   5.607E+09   5.067E+09   1.043E+09   1.583E+09   7.957E-01   9.512E-01   1.550E+02   8.462E+01
     42           26       1   5.864E+11   5.502E+09   2.346E+02   6.593E+00   1.198E-09   6.919E+09   5.886E+09   1.950E+09   2.983E+09   1.097E+00   1.175E+00   7.629E+01   7.313E+01
     43           27       1   5.921E+11   1.396E+10   9.048E+02   9.200E+00   6.592E-10   7.803E+09   5.950E+09   3.025E+09   4.878E+09   1.935E+00   2.048E+00   5.129E+01   7.238E+01
     44           28       1   5.665E+11   6.723E+09   5.163E+02   1.107E+01   1.647E-09   5.462E+09   4.717E+09   3.733E+09   4.478E+09   9.948E-01   1.021E+00   4.499E+02   3.290E+02
     45           29       1   5.700E+11   6.536E+09   1.425E+02   8.086E+00   1.237E-09   5.204E+09   4.191E+09   2.585E+09   3.599E+09   1.016E+00   1.074E+00   3.279E+02   1.946E+02
     46           30       1   4.611E+11   4.299E+09   8.037E+01   4.359E+00   1.014E-09   5.936E+09   4.982E+09   9.001E+08   1.854E+09   9.114E-01   1.021E+00   2.841E+01   3.812E+01
     47           32       1   4.806E+11   9.653E+09   8.982E+02   6.065E+00   6.283E-10   5.120E+09   3.628E+09   1.733E+09   3.225E+09   1.898E+00   1.850E+00   1.167E+02   1.121E+02
     48           33       1   4.887E+11   1.544E+09   6.601E+01   3.868E+00   2.505E-09   5.895E+09   5.943E+09   1.143E+09   1.094E+09   3.735E-01   5.336E-01   1.055E+02   6.810E+01
     49           34       1   4.449E+11   3.682E+09   1.309E+02   4.003E+00   1.087E-09   5.279E+09   4.552E+09   1.032E+09   1.759E+09   8.424E-01   1.079E+00   1.703E+01   2.824E+01
     50           35       1   4.926E+11   1.927E+09   1.206E+02   5.234E-01   2.716E-10   2.203E+09   2.046E+09   4.025E+07   1.973E+08   1.014E+00   1.320E+00   2.660E-01   1.511E+00
     51           36       1   4.922E+11   5.518E+09   1.291E+02   9.471E+00   1.716E-09   5.420E+09   4.722E+09   3.074E+09   3.772E+09   8.814E-01   9.355E-01   1.917E+02   1.587E+02
     52           37       1   3.120E+11   8.469E+09   1.506E+03   9.641E+00   1.138E-09   2.020E+09   1.317E+09   3.233E+09   3.936E+09   1.863E+00   1.861E+00   6.830E+02   6.331E+02
     53           38       1   2.568E+11   3.418E+09   1.240E+02   3.502E+00   1.025E-09   3.518E+09   2.944E+09   9.647E+08   1.538E+09   1.013E+00   1.101E+00   3.163E+01   3.893E+01
     54           39       1   3.712E+11   4.933E+09   8.787E+02   9.835E+00   1.993E-09   3.998E+09   3.741E+09   3.396E+09   3.653E+09   1.109E+00   1.148E+00   6.357E+02   6.025E+02
     55           40       1   4.163E+11   3.966E+09   1.859E+02   3.756E+00   9.471E-10   5.376E+09   4.875E+09   6.804E+08   1.182E+09   4.706E-01   9.502E-01   2.558E+00   3.787E+00
     56           41       1   3.790E+11   4.912E+09   1.727E+02   3.127E+00   6.365E-10   4.509E+09   3.453E+09   6.586E+08   1.714E+09   1.287E+00   1.352E+00   1.203E+01   2.234E+01
     57           42       1   4.409E+11   2.386E+09   2.409E+01   6.190E+00   2.594E-09   3.322E+09   3.569E+09   2.259E+09   2.011E+09   3.750E-01   4.884E-01   9.664E+01   7.194E+01
     58           43       1   4.018E+11   6.260E+09   6.799E+02   9.169E+00   1.465E-09   3.422E+09   2.772E+09   3.038E+09   3.688E+09   1.145E+00   1.148E+00   9.082E+02   7.743E+02
     59           44       1   3.955E+11   7.433E+09   6.217E+02   6.634E+00   8.925E-10   3.037E+09   2.226E+09   2.229E+09   3.040E+09   1.590E+00   1.609E+00   2.960E+02   2.745E+02
     60           45       1   4.335E+11   7.147E+09   3.765E+02   7.150E+00   1.000E-09   3.131E+09   2.020E+09   2.530E+09   3.641E+09   1.364E+00   1.414E+00   1.552E+02   1.639E+02
     61           46       1   4.148E+11   4.625E+09   1.731E+02   4.281E+00   9.257E-10   3.209E+09   2.288E+09   1.302E+09   2.222E+09   1.279E+00   1.302E+00   7.280E+01   8.147E+01
     62           47       1   3.313E+11   3.159E+09   1.011E+02   3.216E+00   1.018E-09   3.596E+09   2.955E+09   8.385E+08   1.480E+09   9.217E-01   1.086E+00   1.542E+01   2.699E+01
     63           48       1   3.169E+11   2.275E+09   4.609E+01   2.331E+00   1.024E-09   1.996E+09   1.635E+09   7.767E+08   1.137E+09   6.947E-01   8.093E-01   1.160E+02   1.054E+02
     64           49       1   3.516E+11   1.676E+09   1.416E+01   2.524E+00   1.506E-09   4.007E+09   3.674E+09   5.024E+08   8.354E+08   4.227E-01   7.236E-01   7.523E+00   1.049E+01
     65           50       1   4.050E+11   4.023E+09   1.481E+02   4.544E+00   1.129E-09   3.315E+09   2.602E+09   1.498E+09   2.211E+09   1.028E+00   1.086E+00   1.591E+02   1.692E+02
     66           51       1   4.181E+11   2.643E+09   8.761E+01   1.742E+00   6.594E-10   2.554E+09   2.028E+09   3.173E+08   8.432E+08   1.133E+00   1.346E+00   1.099E+01   2.206E+01
     67           51       0   4.181E+11   1.106E+09   4.915E+01   9.407E-01   8.507E-10   6.483E+08   4.333E+08   2.716E+08   4.867E+08   8.735E-01   9.536E-01   4.673E+01   5.383E+01
     68           52       1   3.759E+11   1.735E+09   3.434E+01   2.130E+00   1.228E-09   3.568E+09   3.399E+09   3.970E+08   5.653E+08   3.081E-01   8.191E-01   1.575E+00   2.094E+00
     69           53       1   3.502E+11   7.577E+09   1.105E+03   9.009E+00   1.189E-09   2.603E+09   1.787E+09   3.243E+09   4.060E+09   1.617E+00   1.644E+00   3.402E+02   3.535E+02
     70           54       1   3.644E+11   3.634E+09   8.472E+01   3.936E+00   1.083E-09   4.653E+09   3.926E+09   8.342E+08   1.561E+09   6.022E-01   9.345E-01   8.900E+00   1.297E+01
     71           55       1   3.451E+11   5.628E+09   3.717E+02   5.039E+00   8.952E-10   2.739E+09   1.991E+09   1.832E+09   2.580E+09   1.598E+00   1.659E+00   1.094E+02   1.287E+02
     72           56       1   3.702E+11   3.138E+09   1.282E+02   2.293E+00   7.305E-10   2.533E+09   2.060E+09   5.423E+08   1.016E+09   1.095E+00   1.221E+00   5.201E+01   2.936E+01
     73           57       1   3.063E+11   1.969E+09   5.872E+01   2.706E+00   1.374E-09   3.921E+09   3.568E+09   7.530E+08   1.106E+09   6.693E-01   8.734E-01   5.455E+01   3.697E+01
     74           58       1   3.312E+11   3.678E+09   1.053E+02   3.510E+00   9.543E-10   2.816E+09   1.990E+09   9.297E+08   1.755E+09   1.185E+00   1.311E+00   2.418E+01   3.605E+01
     75           59       1   3.406E+11   3.497E+09   1.197E+02   3.073E+00   8.787E-10   3.092E+09   2.396E+09   8.023E+08   1.498E+09   7.447E-01   1.032E+00   2.464E+01   2.511E+01
     76           60       1   3.201E+11   2.960E+09   9.120E+01   3.318E+00   1.121E-09   3.120E+09   2.543E+09   9.791E+08   1.556E+09   9.564E-01   1.095E+00   1.984E+01   2.903E+01
     77           61       1   3.140E+11   3.486E+09   1.383E+02   2.248E+00   6.449E-10   2.764E+09   2.034E+09   4.517E+08   1.181E+09   1.207E+00   1.330E+00   8.735E+00   1.790E+01
     78           62       1   2.029E+11   2.058E+09   7.326E+01   2.139E+00   1.039E-09   1.552E+09   1.191E+09   6.943E+08   1.055E+09   8.386E-01   1.017E+00   5.653E+01   6.248E+01
     79           63       1   2.841E+11   4.146E+09   1.057E+02   2.063E+00   4.977E-10   2.850E+09   2.001E+09   3.669E+08   1.216E+09   1.401E+00   1.582E+00   6.675E+00   1.832E+01
     80           65       1   2.966E+11   2.738E+09   3.859E+01   2.917E+00   1.065E-09   2.751E+09   2.164E+09   8.469E+08   1.434E+09   8.400E-01   1.032E+00   3.230E+01   4.588E+01
     81           67       1   3.200E+11   1.936E+09   6.358E+01   1.075E+00   5.550E-10   1.429E+09   1.079E+09   2.581E+08   6.083E+08   1.187E+00   1.273E+00   4.235E+01   3.926E+01
     82           68       1   2.607E+11   2.178E+09   5.650E+01   2.115E+00   9.709E-10   2.137E+09   1.695E+09   5.202E+08   9.628E+08   8.093E-01   1.078E+00   6.137E+00   1.121E+01
     83           69       1   2.717E+11   3.034E+09   1.701E+02   2.544E+00   8.386E-10   3.119E+09   2.584E+09   5.823E+08   1.117E+09   1.139E+00   1.241E+00   1.792E+01   3.086E+01
     84           71       1   2.348E+11   1.320E+09   5.709E+01   8.966E-01   6.793E-10   1.418E+09   1.301E+09   1.901E+08   3.077E+08   6.414E-01   7.416E-01   5.298E+01   4.028E+01
     85           72       1   2.697E+11   3.908E+09   2.982E+02   2.387E+00   6.107E-10   2.267E+09   1.500E+09   5.987E+08   1.366E+09   1.168E+00   1.359E+00   1.387E+01   2.392E+01
     86           73       1   2.197E+11   2.096E+09   1.037E+02   1.320E+00   6.299E-10   1.877E+09   1.613E+09   2.606E+08   5.248E+08   8.701E-01   1.001E+00   1.624E+01   1.526E+01
     87           74       1   2.675E+11   1.712E+09   9.471E+01   1.641E+00   9.585E-10   1.360E+09   1.099E+09   5.609E+08   8.213E+08   9.424E-01   1.001E+00   7.899E+01   9.840E+01
     88           75       1   2.702E+11   5.439E+09   4.323E+02   3.094E+00   5.688E-10   1.997E+09   1.100E+09   1.016E+09   1.913E+09   1.362E+00   1.503E+00   3.098E+01   4.827E+01
     89           76       1   2.479E+11   1.496E+09   2.569E+01   1.948E+00   1.302E-09   2.350E+09   2.122E+09   4.713E+08   6.997E+08   5.803E-01   7.328E-01   1.178E+01   1.619E+01
     90           78       1   2.330E+11   1.134E+09   4.099E+01   2.179E+00   1.922E-09   2.008E+09   1.750E+09   7.292E+08   9.874E+08   7.287E-01   8.100E-01   5.461E+01   5.802E+01
     91           80       1   2.561E+11   1.024E+09   1.497E+01   1.274E+00   1.245E-09   2.762E+09   2.677E+09   2.482E+08   3.333E+08   5.309E-01   7.222E-01   7.449E+00   6.990E+00
     92           82       1   2.440E+11   1.310E+09   2.470E+01   1.196E+00   9.131E-10   2.392E+09   2.216E+09   1.866E+08   3.618E+08   5.751E-01   8.040E-01   5.207E+00   9.467E+00
     93           83       1   2.491E+11   1.530E+09   6.093E+01   1.854E+00   1.212E-09   1.724E+09   1.597E+09   6.137E+08   7.411E+08   5.793E-01   7.820E-01   4.343E+01   3.711E+01
     94           84       1   2.444E+11   1.600E+09   5.789E+01   1.628E+00   1.017E-09   2.463E+09   2.277E+09   4.072E+08   5.931E+08   6.342E-01   8.756E-01   1.394E+01   1.833E+01
     95           85       1   2.316E+11   2.170E+09   8.527E+01   1.971E+00   9.086E-10   2.779E+09   2.295E+09   3.870E+08   8.707E+08   9.392E-01   1.205E+00   9.904E+00   1.423E+01
     96           86       1   2.202E+11   1.172E+09   2.277E+01   1.250E+00   1.067E-09   2.282E+09   2.090E+09   2.697E+08   4.618E+08   7.849E-01   9.484E-01   1.151E+01   1.951E+01
     97           87       1   2.249E+11   2.252E+09   1.072E+02   1.769E+00   7.855E-10   1.428E+09   9.758E+08   4.915E+08   9.433E+08   1.225E+00   1.218E+00   4.781E+01   5.743E+01
     98           88       1   2.321E+11   1.471E+09   2.992E+01   1.850E+00   1.258E-09   2.003E+09   1.776E+09   4.657E+08   6.921E+08   5.408E-01   7.374E-01   1.407E+01   1.655E+01
     99           90       1   2.246E+11   2.469E+09   4.052E+01   2.385E+00   9.659E-10   1.855E+09   1.517E+09   7.633E+08   1.101E+09   8.189E-01   9.863E-01   6.829E+01   6.986E+01
    100           91       1   2.321E+11   1.410E+09   3.129E+01   1.332E+00   9.445E-10   1.304E+09   1.132E+09   3.849E+08   5.577E+08   6.214E-01   7.702E-01   1.018E+02   8.572E+01
    101           93       1   1.821E+11   1.482E+09   4.108E+01   1.845E+00   1.245E-09   2.344E+09   2.072E+09   5.533E+08   8.260E+08   7.440E-01   8.986E-01   2.142E+01   2.603E+01
    102           94       1   1.846E+11   1.618E+09   6.023E+01   2.139E+00   1.322E-09   2.216E+09   1.852E+09   5.747E+08   9.385E+08   7.546E-01   8.474E-01   2.388E+01   3.140E+01
    103           98       1   1.855E+11   1.402E+09   3.482E+01   1.255E+00   8.956E-10   1.509E+09   1.260E+09   2.105E+08   4.596E+08   8.816E-01   9.723E-01   2.335E+01   2.542E+01
    104          100       1   1.847E+11   2.094E+09   7.642E+01   1.682E+00   8.033E-10   1.690E+09   1.260E+09   3.339E+08   7.644E+08   9.646E-01   1.120E+00   6.064E+00   1.324E+01
    105          102       1   2.129E+11   1.329E+09   4.410E+01   1.126E+00   8.473E-10   1.885E+09   1.622E+09   1.711E+08   4.344E+08   8.554E-01   1.109E+00   3.574E+00   1.163E+01
    106          105       1   1.966E+11   2.546E+09   1.016E+02   1.900E+00   7.462E-10   2.319E+09   1.783E+09   3.736E+08   9.096E+08   1.229E+00   1.380E+00   1.402E+01   1.715E+01
    107          108       1   1.446E+11   1.374E+09   4.955E+01   7.287E-01   5.302E-10   7.493E+08   4.977E+08   1.544E+08   4.061E+08   9.110E-01   1.165E+00   7.684E+00   1.729E+01
    108          114       1   1.877E+11   1.042E+09   2.127E+01   6.261E-01   6.007E-10   1.634E+09   1.494E+09   7.387E+07   2.138E+08   6.520E-01   1.026E+00   2.821E+00   6.147E+00
    109          115       1   1.675E+11   1.165E+09   4.409E+01   7.895E-01   6.777E-10   1.338E+09   1.147E+09   1.842E+08   3.754E+08   7.699E-01   9.971E-01   2.273E+01   2.850E+01
    110          116       1   1.802E+11   1.628E+09   1.125E+02   2.005E+00   1.232E-09   1.566E+09   1.351E+09   6.608E+08   8.756E+08   9.040E-01   1.009E+00   6.966E+01   7.382E+01
    111          117       1   1.697E+11   1.291E+09   2.848E+01   1.235E+00   9.566E-10   1.714E+09   1.471E+09   1.737E+08   4.166E+08   6.842E-01   9.621E-01   1.143E+00   3.745E+00
    112          123       1   1.776E+11   1.872E+09   9.046E+01   2.852E+00   1.523E-09   2.080E+09   1.896E+09   9.326E+08   1.117E+09   6.543E-01   8.031E-01   2.189E+01   3.401E+01
    113          126       1   1.511E+11   1.262E+09   4.554E+01   8.289E-01   6.569E-10   1.415E+09   1.178E+09   1.251E+08   3.614E+08   7.854E-01   1.143E+00   3.343E+00   6.507E+00
    114          128       1   1.525E+11   1.252E+09   5.035E+01   1.023E+00   8.172E-10   2.064E+09   1.863E+09   1.623E+08   3.636E+08   1.128E+00   1.286E+00   1.033E+01   2.390E+01
    115          131       1   1.625E+11   1.875E+09   1.004E+02   1.528E+00   8.151E-10   1.329E+09   1.059E+09   4.446E+08   7.145E+08   9.890E-01   1.120E+00   3.974E+01   5.455E+01
    116          142       1   1.269E+11   1.097E+09   3.704E+01   9.025E-01   8.226E-10   1.406E+09   1.203E+09   1.492E+08   3.518E+08   6.909E-01   9.598E-01   2.516E+00   6.013E+00
    117          149       1   1.280E+11   1.400E+09   9.025E+01   1.330E+00   9.500E-10   1.399E+09   1.169E+09   4.313E+08   6.618E+08   9.612E-01   1.195E+00   5.241E+01   6.537E+01
