# Eagle run L0025N0376/REFERENCE snapshot_028_z000p000
# number of galaxies = 217
# SubIndex; GroupNumber; IsCentral; M200 of host [Msun]; M*,30pkpc [Msun]; Sigma_*,r1/2 [Msun ppc^-2]; SFR [Msun yr^-1]; sSFR [yr^-1];
    M_HI_BR06 [Msun]; M_HI_GK11 [Msun]; M_H2_BR06 [Msun]; M_H2_GK11 [Msun]; MMW ZH2_BR06_rhalf [Zsun]; MMW ZH2_GK11_rhalf [Zsun]; SigmaH2_BR06,r1/2 [Msun ppc^-2]; SigmaH2_GK11,r1/2 [Msun ppc^-2]
      0            0       1   1.493E+13   9.609E+10   1.337E+02   1.804E+00   1.877E-11   1.442E+09   6.750E+08   5.729E+08   1.340E+09   3.235E+00   3.359E+00   1.225E+02   9.517E+01
      1            0       0   1.493E+13   2.113E+10   3.558E+02   4.086E-01   1.934E-11   5.562E+08   1.913E+08   8.175E+07   4.466E+08   5.779E+00   5.861E+00   5.834E+00   1.374E+01
      2            0       0   1.493E+13   1.993E+10   2.044E+02   1.456E-01   7.306E-12   1.468E+08   1.057E+07   1.926E+07   1.555E+08   5.518E+00   6.401E+00   3.722E+00   1.694E+01
      3            0       0   1.493E+13   1.102E+10   1.584E+02   0.000E+00   0.000E+00   3.057E+03   3.057E+03   0.000E+00   4.123E-06  -1.000E+00   5.976E+00  -1.000E+00   1.859E-15
      4            0       0   1.493E+13   1.328E+10   1.616E+02   2.405E-01   1.812E-11   1.087E+08   1.195E+07   7.792E+07   1.747E+08   6.652E+00   6.510E+00   1.769E+01   2.718E+01
      5            0       0   1.493E+13   6.420E+09   3.793E+01   6.647E-02   1.035E-11   8.112E+07   5.692E+06   5.612E+06   8.104E+07   6.631E+00   7.007E+00   3.297E-01   4.181E+00
      6            0       0   1.493E+13   4.601E+09   4.554E+01   9.790E-02   2.128E-11   2.143E+08   7.115E+07   3.940E+06   1.471E+08   3.849E+00   4.126E+00   5.665E-02   1.646E+00
      7            0       0   1.493E+13   1.003E+10   1.947E+02   0.000E+00   0.000E+00   0.000E+00   0.000E+00   0.000E+00   0.000E+00  -1.000E+00  -1.000E+00  -1.000E+00  -1.000E+00
      8            0       0   1.493E+13   1.569E+09   1.587E+01   1.172E-01   7.470E-11   1.786E+08   4.605E+07   1.227E+07   1.448E+08   3.032E+00   3.142E+00   1.133E+00   8.451E+00
      9            0       0   1.493E+13   1.620E+09   2.564E+01   8.936E-02   5.514E-11   7.169E+07   1.365E+07   2.716E+07   8.520E+07   3.081E+00   3.075E+00   9.933E+00   2.188E+01
     10            0       0   1.493E+13   1.764E+09   2.082E+01   0.000E+00   0.000E+00   0.000E+00   0.000E+00   0.000E+00   0.000E+00  -1.000E+00  -1.000E+00  -1.000E+00  -1.000E+00
     11            0       0   1.493E+13   5.022E+09   1.485E+02   0.000E+00   0.000E+00   0.000E+00   0.000E+00   0.000E+00   0.000E+00  -1.000E+00  -1.000E+00  -1.000E+00  -1.000E+00
     12            0       0   1.493E+13   1.056E+09   1.393E+01   0.000E+00   0.000E+00   0.000E+00   0.000E+00   0.000E+00   0.000E+00  -1.000E+00  -1.000E+00  -1.000E+00  -1.000E+00
     13            0       0   1.493E+13   4.416E+09   1.879E+02   0.000E+00   0.000E+00   0.000E+00   0.000E+00   0.000E+00   0.000E+00  -1.000E+00  -1.000E+00  -1.000E+00  -1.000E+00
     14            0       0   1.493E+13   1.769E+09   1.702E+01   0.000E+00   0.000E+00   0.000E+00   0.000E+00   0.000E+00   0.000E+00  -1.000E+00  -1.000E+00  -1.000E+00  -1.000E+00
     15            0       0   1.493E+13   1.331E+09   2.796E+01   9.844E-02   7.395E-11   1.013E+08   3.125E+07   2.130E+07   9.131E+07   2.600E+00   2.927E+00   2.030E-01   8.541E-01
     16            0       0   1.493E+13   1.117E+09   1.368E+01   0.000E+00   0.000E+00   0.000E+00   0.000E+00   0.000E+00   0.000E+00  -1.000E+00  -1.000E+00  -1.000E+00  -1.000E+00
     17            1       1   9.142E+12   6.973E+10   2.344E+02   1.322E-02   1.896E-13   2.407E+08   2.183E+08   8.049E+05   2.322E+07   1.260E+00   2.764E+00   1.259E-04   1.140E-02
     18            1       0   9.142E+12   4.473E+10   2.870E+02   1.552E+00   3.471E-11   1.359E+09   1.453E+08   3.685E+08   1.582E+09   3.955E+00   3.790E+00   5.132E+00   1.396E+01
     19            1       0   9.142E+12   9.767E+09   8.068E+01   5.312E-01   5.438E-11   5.359E+09   4.733E+09   3.243E+07   6.585E+08   3.348E+00   2.901E+00   3.968E+00   5.711E-01
     20            1       0   9.142E+12   1.393E+10   6.919E+01   1.041E+00   7.470E-11   3.975E+09   2.906E+09   4.534E+07   1.114E+09   4.040E+00   3.658E+00   7.056E-01   1.153E+00
     21            1       0   9.142E+12   1.614E+10   2.634E+02   2.916E-01   1.806E-11   3.169E+08   3.784E+07   4.475E+07   3.238E+08   4.788E+00   4.768E+00   1.680E+00   1.048E+01
     22            1       0   9.142E+12   2.090E+09   2.664E+01   3.912E-01   1.871E-10   2.133E+09   1.816E+09   2.281E+07   3.399E+08   1.693E+00   2.111E+00   4.627E-01   2.731E+00
     23            1       0   9.142E+12   1.101E+09   1.945E+01   6.059E-02   5.502E-11   8.993E+07   2.335E+07   7.035E+06   7.362E+07   3.559E+00   3.704E+00   1.706E+00   8.458E+00
     24            1       0   9.142E+12   3.050E+09   3.901E+01   0.000E+00   0.000E+00   0.000E+00   0.000E+00   0.000E+00   0.000E+00  -1.000E+00  -1.000E+00  -1.000E+00  -1.000E+00
     25            2       1   3.667E+12   6.674E+10   2.438E+02   2.236E+00   3.351E-11   7.401E+09   4.567E+09   1.301E+08   2.964E+09   3.068E+00   3.665E+00   1.335E-01   2.558E+00
     26            2       0   3.667E+12   4.411E+10   2.498E+02   2.332E+00   5.287E-11   5.314E+09   2.641E+09   1.304E+08   2.804E+09   3.594E+00   3.474E+00   1.409E-01   2.091E+00
     27            2       0   3.667E+12   2.678E+10   2.276E+02   1.416E-02   5.288E-13   2.577E+08   2.513E+08   1.394E+06   7.765E+06   4.994E-01   9.252E-01   1.238E-01   2.867E-03
     28            2       0   3.667E+12   2.255E+09   2.353E+01   2.006E-01   8.895E-11   6.284E+08   4.079E+08   8.176E+06   2.286E+08   2.366E+00   2.561E+00   1.208E-01   1.664E+00
     29            3       1   3.707E+12   4.793E+10   2.136E+02   1.116E+00   2.328E-11   3.269E+09   2.119E+09   1.943E+08   1.345E+09   2.591E+00   2.950E+00   8.645E+00   6.694E+00
     30            3       0   3.707E+12   6.293E+09   6.545E+01   1.047E+00   1.663E-10   3.736E+09   2.904E+09   1.000E+08   9.324E+08   3.250E+00   2.657E+00   7.431E+00   2.155E+00
     31            3       0   3.707E+12   8.434E+09   1.217E+02   1.058E+00   1.255E-10   2.648E+09   1.809E+09   1.789E+08   1.017E+09   3.054E+00   2.886E+00   1.284E+01   8.995E+00
     32            3       0   3.707E+12   2.986E+09   4.220E+01   2.062E-01   6.906E-11   8.579E+08   6.330E+08   1.376E+07   2.386E+08   2.904E+00   2.722E+00   6.708E-01   4.343E+00
     33            3       0   3.707E+12   7.112E+09   1.176E+02   9.759E-02   1.372E-11   1.382E+08   3.460E+07   1.553E+07   1.191E+08   4.364E+00   4.500E+00   8.946E-01   6.464E+00
     34            3       0   3.707E+12   1.125E+09   2.811E+01   1.164E-01   1.034E-10   1.392E+08   4.527E+07   2.318E+07   1.172E+08   2.542E+00   2.534E+00   6.064E+00   1.979E+01
     35            4       1   5.629E+12   5.327E+10   6.125E+02   1.924E+00   3.612E-11   4.343E+09   2.765E+09   1.590E+08   1.738E+09   1.665E+00   2.467E+00   2.679E-01   2.843E+00
     36            4       0   5.629E+12   3.493E+10   2.153E+02   5.133E+00   1.469E-10   5.053E+09   2.022E+09   1.411E+09   4.441E+09   3.248E+00   3.012E+00   1.043E+01   2.412E+01
     37            4       0   5.629E+12   1.226E+10   7.064E+01   7.572E-01   6.175E-11   9.819E+08   1.707E+08   1.025E+08   9.136E+08   3.949E+00   3.803E+00   2.361E+00   9.804E+00
     38            5       1   2.803E+12   3.628E+10   6.197E+02   0.000E+00   0.000E+00   2.633E+08   2.591E+08   7.102E+03   4.195E+06   4.906E+00   3.828E+00   1.190E-06   4.243E-04
     39            5       0   2.803E+12   2.898E+10   2.081E+02   1.365E+00   4.711E-11   4.933E+09   3.679E+09   8.673E+07   1.341E+09   3.437E+00   3.376E+00   2.361E-01   1.474E+00
     40            5       0   2.803E+12   1.285E+10   1.209E+02   4.549E-01   3.541E-11   4.567E+09   4.000E+09   3.832E+07   6.048E+08   4.155E+00   3.718E+00   1.395E+00   1.392E+00
     41            5       0   2.803E+12   2.131E+09   4.807E+01   1.327E-01   6.225E-11   4.177E+08   2.961E+08   2.132E+07   1.430E+08   2.973E+00   3.030E+00   4.183E+00   1.550E+01
     42            5       0   2.803E+12   5.630E+09   9.392E+01   7.635E-01   1.356E-10   1.119E+09   7.647E+08   2.281E+08   5.820E+08   2.388E+00   2.608E+00   1.634E+01   3.284E+01
     43            6       1   4.306E+12   8.167E+10   1.907E+02   9.296E-02   1.138E-12   7.609E+08   6.538E+08   6.614E+06   1.138E+08   1.136E+00   2.982E+00   1.330E-03   7.652E-02
     44            6       0   4.306E+12   2.521E+09   4.258E+01   1.730E-02   6.862E-12   1.491E+08   1.222E+08   2.135E+05   2.710E+07   3.845E+00   4.384E+00   6.871E-03   7.469E-01
     45            6       0   4.306E+12   1.130E+09   5.924E+00   0.000E+00   0.000E+00   0.000E+00   0.000E+00   0.000E+00   0.000E+00  -1.000E+00  -1.000E+00  -1.000E+00  -1.000E+00
     46            7       1   4.930E+12   5.981E+10   1.360E+02   2.093E-02   3.499E-13   8.380E+08   6.937E+08   3.658E+06   1.479E+08   1.965E+00   2.320E+00   2.849E-04   9.836E-03
     47            7       0   4.930E+12   9.709E+09   7.545E+01   1.159E+00   1.194E-10   2.352E+09   1.309E+09   7.976E+07   1.123E+09   3.531E+00   3.446E+00   1.393E+00   2.565E+00
     48            7       0   4.930E+12   6.296E+09   5.499E+01   7.386E-02   1.173E-11   8.107E+07   8.218E+06   1.067E+07   8.352E+07   5.421E+00   5.120E+00   1.029E+00   7.077E+00
     49            7       0   4.930E+12   1.932E+09   4.232E+01   1.970E-01   1.019E-10   2.534E+08   1.135E+08   4.049E+07   1.804E+08   2.024E+00   2.195E+00   2.644E+00   1.018E+01
     50            7       0   4.930E+12   2.345E+09   2.137E+01   8.728E-02   3.721E-11   1.855E+08   6.632E+07   3.718E+06   1.229E+08   3.395E+00   3.684E+00   1.569E-01   3.846E+00
     51            7       0   4.930E+12   1.020E+09   1.384E+01   0.000E+00   0.000E+00   0.000E+00   0.000E+00   0.000E+00   0.000E+00  -1.000E+00  -1.000E+00  -1.000E+00  -1.000E+00
     52            8       1   4.088E+12   3.168E+10   1.858E+02   3.145E+00   9.927E-11   1.055E+10   7.652E+09   2.990E+08   3.198E+09   3.191E+00   2.863E+00   1.810E+00   4.010E+00
     53            8       0   4.088E+12   1.371E+10   2.316E+02   1.122E-01   8.185E-12   1.173E+09   1.139E+09   2.753E+07   6.179E+07   4.937E-01   2.157E+00   9.975E-02   7.713E-01
     54            8       0   4.088E+12   7.684E+09   4.058E+01   4.996E-01   6.501E-11   2.163E+09   1.587E+09   3.082E+07   6.074E+08   3.569E+00   3.341E+00   1.207E+00   2.573E+00
     55            8       0   4.088E+12   1.062E+09   2.245E+01   0.000E+00   0.000E+00   9.880E+06   9.064E+06   0.000E+00   8.168E+05  -1.000E+00   4.219E+00  -1.000E+00   8.766E-03
     56            9       1   3.925E+12   4.296E+10   3.613E+02   7.659E-02   1.783E-12   9.683E+08   9.177E+08   9.213E+06   5.976E+07   7.511E-01   1.648E+00   6.745E-01   8.380E-02
     57            9       0   3.925E+12   1.036E+09   1.298E+01   0.000E+00   0.000E+00   3.437E+06   3.359E+06   0.000E+00   7.751E+04  -1.000E+00   4.169E+00  -1.000E+00   3.363E-04
     58           10       1   4.669E+12   3.831E+10   1.814E+02   6.877E-02   1.795E-12   1.386E+09   1.291E+09   2.522E+06   9.732E+07   1.001E+00   2.049E+00   1.514E-02   2.385E-01
     59           10       0   4.669E+12   2.369E+09   4.962E+01   1.971E-01   8.321E-11   5.650E+08   3.835E+08   1.338E+07   1.948E+08   2.269E+00   2.728E+00   3.647E-01   2.916E+00
     60           10       0   4.669E+12   1.537E+09   1.922E+01   0.000E+00   0.000E+00   0.000E+00   0.000E+00   0.000E+00   0.000E+00  -1.000E+00  -1.000E+00  -1.000E+00  -1.000E+00
     61           11       1   3.794E+12   6.138E+10   2.050E+02   2.211E+00   3.602E-11   6.738E+09   4.564E+09   3.191E+08   2.492E+09   3.500E+00   3.384E+00   6.350E+00   1.275E+01
     62           11       0   3.794E+12   2.553E+09   3.216E+01   3.201E-01   1.254E-10   1.147E+09   8.433E+08   1.966E+07   3.232E+08   2.596E+00   2.688E+00   1.349E+00   1.733E+00
     63           11       0   3.794E+12   2.017E+09   4.750E+01   1.173E-02   5.813E-12   3.647E+07   1.887E+07   2.880E+05   1.789E+07   3.132E+00   3.953E+00   2.246E-02   1.637E+00
     64           12       1   3.354E+12   5.199E+10   1.772E+03   2.608E-02   5.017E-13   1.649E+09   1.615E+09   1.895E+06   3.560E+07   7.270E-01   1.517E+00   4.354E-04   8.267E-03
     65           12       0   3.354E+12   1.768E+09   7.925E+00   1.199E-01   6.778E-11   3.706E+08   2.468E+08   1.420E+07   1.380E+08   2.367E+00   2.407E+00   1.834E+00   8.752E+00
     66           12       0   3.354E+12   2.026E+09   3.929E+01   8.830E-02   4.358E-11   1.168E+08   2.406E+07   1.211E+07   1.049E+08   4.488E+00   4.218E+00   1.852E+00   1.296E+01
     67           12       0   3.354E+12   1.915E+09   3.021E+01   8.328E-03   4.349E-12   5.536E+07   3.877E+07   1.481E+05   1.674E+07   2.248E+00   3.421E+00   6.175E-02   1.191E+00
     68           13       1   3.221E+12   4.537E+10   2.128E+02   2.906E+00   6.405E-11   4.318E+09   1.674E+09   4.512E+08   3.096E+09   2.953E+00   2.883E+00   2.701E+00   7.276E+00
     69           14       1   1.309E+12   8.024E+09   1.027E+02   3.044E-02   3.794E-12   6.783E+08   6.365E+08   1.325E+06   4.311E+07   1.836E+00   2.227E+00   9.251E-02   1.781E+00
     70           14       0   1.309E+12   3.107E+10   3.798E+02   1.737E+00   5.591E-11   2.912E+09   1.466E+09   3.038E+08   1.750E+09   4.643E+00   4.123E+00   7.605E+00   1.161E+01
     71           14       0   1.309E+12   8.007E+09   1.594E+02   5.183E-01   6.473E-11   5.967E+08   2.457E+08   1.277E+08   4.786E+08   2.934E+00   2.854E+00   1.423E+01   1.475E+01
     72           14       0   1.309E+12   1.126E+09   3.218E+01   7.788E-02   6.916E-11   3.349E+08   2.547E+08   3.494E+06   8.370E+07   2.641E+00   2.768E+00   1.897E-01   2.662E+00
     73           14       0   1.309E+12   7.882E+09   9.242E+01   8.948E-01   1.135E-10   1.398E+09   7.177E+08   1.584E+08   8.383E+08   2.330E+00   2.569E+00   5.259E+00   1.299E+01
     74           14       0   1.309E+12   1.329E+09   3.309E+01   9.455E-03   7.114E-12   3.330E+07   2.686E+07   2.692E+05   6.710E+06   5.994E-01   2.379E+00   3.172E-02   4.766E-01
     75           15       1   3.002E+12   4.137E+10   1.094E+02   2.287E+00   5.528E-11   1.181E+10   8.380E+09   1.454E+08   3.579E+09   3.907E+00   3.963E+00   1.199E-01   1.680E+00
     76           15       0   3.002E+12   1.969E+10   1.173E+02   1.119E+00   5.683E-11   8.998E+09   7.419E+09   7.206E+07   1.651E+09   3.944E+00   3.199E+00   3.202E+00   9.117E-01
     77           16       1   2.203E+12   3.596E+10   1.894E+02   3.469E+00   9.647E-11   8.505E+09   5.857E+09   6.785E+08   3.327E+09   3.450E+00   3.336E+00   8.986E+00   1.949E+01
     78           16       0   2.203E+12   5.345E+09   5.168E+01   1.688E-01   3.158E-11   1.081E+09   8.425E+08   7.534E+06   2.460E+08   4.234E+00   3.766E+00   5.054E-01   3.118E+00
     79           16       0   2.203E+12   3.097E+09   3.388E+01   4.141E-01   1.337E-10   5.317E+09   4.911E+09   2.800E+07   4.343E+08   3.217E+00   2.655E+00   1.854E+00   4.748E-01
     80           17       1   2.140E+12   2.894E+10   2.214E+02   1.024E+00   3.538E-11   3.887E+09   2.971E+09   4.891E+07   9.647E+08   2.285E+00   2.532E+00   1.064E-01   1.771E+00
     81           17       0   2.140E+12   1.066E+10   7.572E+01   4.035E-01   3.785E-11   5.149E+08   2.049E+08   9.808E+07   4.080E+08   3.412E+00   3.385E+00   2.628E+01   3.314E+01
     82           18       1   3.147E+12   6.921E+10   2.156E+02   1.784E+00   2.577E-11   1.080E+10   6.985E+09   9.506E+07   3.907E+09   2.726E+00   3.198E+00   2.200E-02   8.211E-01
     83           18       0   3.147E+12   2.191E+09   3.574E+01   1.256E-03   5.732E-13   1.141E+07   8.272E+06   1.524E+04   3.152E+06   2.621E+00   3.160E+00   6.395E-03   3.330E-01
     84           18       0   3.147E+12   2.438E+09   3.436E+01   2.200E-01   9.025E-11   3.338E+08   1.350E+08   3.434E+07   2.332E+08   3.432E+00   3.358E+00   6.896E+00   1.655E+01
     85           19       1   2.568E+12   5.916E+10   6.576E+02   2.866E-02   4.844E-13   2.021E+08   1.864E+08   2.721E+06   1.839E+07   1.314E+00   1.761E+00   2.217E-01   9.837E-04
     86           19       0   2.568E+12   1.278E+09   1.562E+01   1.735E-01   1.358E-10   7.183E+08   5.638E+08   1.497E+07   1.694E+08   2.604E+00   2.677E+00   4.624E+00   3.816E+00
     87           20       1   2.310E+12   3.104E+10   2.615E+02   1.397E-03   4.502E-14   4.750E+08   4.684E+08   4.219E+05   6.934E+06   6.022E-01   7.577E-01   6.589E-05   9.659E-04
     88           20       0   2.310E+12   3.332E+09   3.875E+01   1.361E-01   4.086E-11   1.623E+09   1.484E+09   4.661E+06   1.435E+08   1.356E+00   1.749E+00   1.053E-02   1.336E-01
     89           21       1   2.140E+12   4.025E+10   2.541E+02   1.229E+00   3.053E-11   3.507E+09   2.132E+09   4.402E+07   1.419E+09   2.247E+00   2.739E+00   5.570E-02   1.457E+00
     90           21       0   2.140E+12   1.614E+09   3.928E+01   2.453E-01   1.519E-10   2.957E+08   1.711E+08   7.488E+07   1.995E+08   2.248E+00   2.400E+00   2.752E+01   5.145E+01
     91           21       0   2.140E+12   1.189E+09   1.937E+01   0.000E+00   0.000E+00   0.000E+00   0.000E+00   0.000E+00   0.000E+00  -1.000E+00  -1.000E+00  -1.000E+00  -1.000E+00
     92           22       1   1.913E+12   5.223E+10   1.151E+02   3.215E+00   6.156E-11   9.333E+09   5.362E+09   2.330E+08   4.204E+09   4.898E+00   4.310E+00   7.429E-01   2.633E+00
     93           23       1   1.825E+12   3.389E+10   2.937E+02   5.796E-01   1.710E-11   3.619E+09   3.020E+09   1.916E+07   6.182E+08   1.477E+00   2.247E+00   1.291E-02   3.793E-01
     94           23       0   1.825E+12   2.311E+09   3.775E+01   0.000E+00   0.000E+00   0.000E+00   0.000E+00   0.000E+00   0.000E+00  -1.000E+00  -1.000E+00  -1.000E+00  -1.000E+00
     95           24       1   1.511E+12   8.063E+09   4.730E+01   1.558E+00   1.932E-10   2.648E+09   1.800E+09   4.810E+08   1.329E+09   2.304E+00   2.454E+00   3.803E+01   5.203E+01
     96           24       0   1.511E+12   7.231E+09   5.853E+01   2.041E+00   2.822E-10   4.854E+09   3.554E+09   3.627E+08   1.662E+09   1.921E+00   2.129E+00   1.196E+01   1.083E+01
     97           24       0   1.511E+12   2.192E+09   2.206E+01   1.227E-01   5.597E-11   3.497E+08   2.458E+08   2.205E+07   1.260E+08   2.008E+00   2.385E+00   5.069E+00   1.519E+01
     98           24       0   1.511E+12   2.616E+09   3.467E+01   5.646E-01   2.158E-10   1.271E+09   8.553E+08   7.379E+07   4.890E+08   1.581E+00   1.784E+00   8.746E+00   7.973E+00
     99           25       1   1.225E+12   2.542E+10   2.050E+02   1.544E+00   6.075E-11   2.380E+09   9.704E+08   2.531E+08   1.663E+09   3.756E+00   3.598E+00   3.404E+00   9.695E+00
    100           25       0   1.225E+12   2.447E+09   4.609E+01   1.179E-01   4.818E-11   2.765E+08   1.560E+08   1.502E+07   1.355E+08   2.123E+00   2.617E+00   1.710E+00   5.766E+00
    101           26       1   1.529E+12   3.114E+10   1.485E+02   3.133E-01   1.006E-11   6.590E+08   4.121E+08   6.435E+07   3.113E+08   3.257E+00   3.032E+00   3.624E+00   7.420E+00
    102           26       0   1.529E+12   4.121E+09   7.280E+01   3.937E-01   9.553E-11   5.386E+08   2.083E+08   7.459E+07   4.050E+08   2.773E+00   3.023E+00   3.818E+00   1.429E+01
    103           27       1   1.427E+12   1.760E+10   1.481E+02   2.368E-02   1.345E-12   5.573E+07   3.283E+07   1.313E+06   2.421E+07   2.040E+00   2.184E+00   2.842E-01   5.303E+00
    104           28       1   1.465E+12   3.767E+10   2.261E+02   8.775E-01   2.329E-11   3.430E+09   2.235E+09   1.660E+07   1.212E+09   3.040E+00   3.317E+00   7.901E-03   6.052E-01
    105           29       1   1.330E+12   3.110E+10   7.726E+01   1.260E+00   4.052E-11   1.080E+10   8.577E+09   5.410E+07   2.277E+09   4.258E+00   3.820E+00   3.204E-02   7.870E-01
    106           30       1   1.278E+12   1.391E+10   1.496E+02   1.771E+00   1.274E-10   2.409E+09   1.025E+09   3.373E+08   1.722E+09   3.210E+00   3.050E+00   8.850E+00   1.144E+01
    107           30       0   1.278E+12   8.491E+09   1.279E+02   6.783E-01   7.989E-11   2.889E+09   2.286E+09   3.476E+07   6.382E+08   3.558E+00   3.607E+00   9.114E-01   1.611E+00
    108           31       1   8.965E+11   1.280E+10   6.148E+01   7.684E-01   6.005E-11   1.001E+10   8.958E+09   5.314E+07   1.104E+09   3.775E+00   3.127E+00   1.867E+00   5.559E-01
    109           31       0   8.965E+11   4.356E+09   7.659E+01   2.125E-01   4.878E-11   1.431E+08   2.157E+07   6.336E+07   1.849E+08   4.692E+00   4.596E+00   2.073E+01   3.511E+01
    110           32       1   1.212E+12   2.332E+10   9.297E+02   1.337E-02   5.733E-13   1.535E+04   1.535E+04   0.000E+00   5.420E-06  -1.000E+00   3.929E+00  -1.000E+00   3.626E-16
    111           33       1   1.080E+12   1.702E+10   1.322E+02   5.781E-01   3.397E-11   1.972E+09   1.327E+09   2.261E+07   6.670E+08   4.050E+00   3.862E+00   1.716E-01   1.314E+00
    112           34       1   9.545E+11   1.546E+10   7.904E+01   4.463E-01   2.886E-11   8.355E+09   7.622E+09   2.697E+07   7.595E+08   5.279E+00   4.437E+00   1.500E+00   5.864E-01
    113           35       1   8.676E+11   1.895E+10   1.574E+02   1.007E+00   5.312E-11   5.926E+09   4.849E+09   8.083E+07   1.158E+09   4.826E+00   3.950E+00   8.294E+00   1.807E+00
    114           36       1   7.996E+11   1.585E+10   8.943E+01   1.528E+00   9.640E-11   5.734E+09   4.606E+09   3.804E+08   1.509E+09   3.637E+00   3.417E+00   9.337E+01   1.998E+01
    115           37       1   8.855E+11   1.807E+10   1.321E+02   9.873E-01   5.464E-11   4.046E+09   3.032E+09   3.018E+07   1.044E+09   2.770E+00   3.214E+00   2.851E-02   8.517E-01
    116           38       1   9.327E+11   3.149E+10   1.597E+02   1.821E+00   5.782E-11   4.986E+09   3.000E+09   1.078E+08   2.094E+09   4.806E+00   3.880E+00   2.638E+00   2.295E+00
    117           39       1   7.683E+11   1.174E+10   1.119E+02   5.848E-01   4.981E-11   3.889E+09   3.278E+09   3.070E+07   6.414E+08   2.229E+00   2.404E+00   6.226E-01   1.029E+00
    118           39       0   7.683E+11   1.103E+09   8.668E+00   2.330E-01   2.112E-10   2.944E+09   2.779E+09   9.544E+06   1.753E+08   9.158E-01   1.634E+00   1.480E-02   2.563E-01
    119           40       1   8.129E+11   1.442E+10   2.913E+01   1.832E+00   1.271E-10   6.382E+09   4.670E+09   2.461E+08   1.959E+09   2.636E+00   2.560E+00   5.535E+00   9.807E+00
    120           41       1   8.136E+11   1.705E+10   2.136E+02   1.080E+00   6.334E-11   3.683E+09   2.513E+09   7.037E+07   1.240E+09   3.117E+00   2.985E+00   1.440E+00   2.628E+00
    121           42       1   8.282E+11   2.288E+10   2.113E+02   7.410E-01   3.239E-11   1.409E+09   5.382E+08   6.136E+07   9.321E+08   4.315E+00   4.326E+00   1.102E+00   4.471E+00
    122           43       1   4.550E+11   4.039E+09   4.881E+01   2.029E-01   5.023E-11   4.417E+09   4.153E+09   1.565E+07   2.804E+08   1.580E+00   1.966E+00   7.260E-01   2.697E-01
    123           43       0   4.550E+11   4.442E+09   7.455E+01   2.665E-01   5.999E-11   1.705E+08   4.203E+07   9.468E+07   2.231E+08   3.302E+00   3.272E+00   3.710E+01   6.506E+01
    124           44       1   5.991E+11   1.060E+10   5.980E+01   1.662E+00   1.567E-10   2.733E+09   1.381E+09   2.959E+08   1.648E+09   2.914E+00   2.845E+00   7.046E+00   1.077E+01
    125           45       1   8.249E+11   1.183E+10   1.090E+02   5.107E-01   4.318E-11   6.525E+09   5.805E+09   1.818E+07   7.384E+08   1.824E+00   2.585E+00   1.393E-02   3.136E-01
    126           46       1   6.113E+11   7.954E+09   1.206E+02   2.554E-01   3.211E-11   4.301E+08   1.767E+08   2.644E+07   2.799E+08   2.421E+00   2.903E+00   9.791E-01   7.439E+00
    127           47       1   6.221E+11   1.360E+10   6.978E+01   1.005E+00   7.388E-11   4.273E+09   3.155E+09   6.224E+07   1.180E+09   3.792E+00   3.523E+00   6.962E-01   3.426E+00
    128           48       1   7.212E+11   1.323E+10   5.805E+01   8.435E-01   6.374E-11   3.805E+09   2.875E+09   3.047E+07   9.607E+08   3.463E+00   3.391E+00   8.652E-02   1.178E+00
    129           49       1   6.881E+11   1.197E+10   1.566E+02   2.505E-01   2.092E-11   1.296E+09   9.872E+08   1.357E+07   3.220E+08   3.600E+00   3.974E+00   4.184E-01   2.700E+00
    130           50       1   4.487E+11   6.446E+09   9.518E+01   1.212E-01   1.880E-11   1.152E+09   9.979E+08   5.789E+06   1.597E+08   3.076E+00   3.618E+00   1.113E-01   1.827E+00
    131           50       0   4.487E+11   1.184E+09   2.348E+01   2.696E-02   2.276E-11   9.762E+07   7.259E+07   1.311E+06   2.635E+07   2.072E+00   2.855E+00   6.215E-02   7.998E-01
    132           51       1   6.385E+11   1.042E+10   1.796E+02   1.322E-01   1.268E-11   3.660E+08   2.459E+08   1.390E+07   1.340E+08   1.964E+00   2.321E+00   1.058E+00   6.432E+00
    133           52       1   6.642E+11   1.513E+10   1.281E+02   1.349E-01   8.920E-12   2.304E+09   2.034E+09   1.828E+06   2.720E+08   2.256E+00   3.310E+00   1.488E-03   1.814E-01
    134           53       1   6.142E+11   8.225E+09   1.348E+02   1.513E-01   1.839E-11   3.155E+08   1.674E+08   1.467E+07   1.628E+08   2.166E+00   2.601E+00   8.474E-01   5.083E+00
    135           54       1   6.550E+11   1.032E+10   1.538E+02   3.394E-02   3.288E-12   1.275E+09   1.208E+09   4.727E+05   6.813E+07   2.194E+00   2.178E+00   1.699E-04   2.451E-02
    136           55       1   3.717E+11   6.437E+09   5.396E+01   6.513E-01   1.012E-10   1.369E+09   7.305E+08   6.373E+07   7.022E+08   2.984E+00   2.864E+00   1.691E+00   7.317E+00
    137           56       1   5.179E+11   1.303E+10   1.121E+02   8.319E-01   6.387E-11   9.461E+08   2.524E+08   1.604E+08   8.541E+08   4.224E+00   3.817E+00   1.181E+01   1.164E+01
    138           57       1   4.854E+11   1.068E+10   6.191E+01   1.287E+00   1.205E-10   6.137E+09   4.959E+09   6.271E+07   1.241E+09   3.417E+00   2.939E+00   2.813E-01   1.041E+00
    139           58       1   3.730E+11   1.494E+09   2.336E+01   8.387E-02   5.616E-11   5.994E+08   5.132E+08   2.587E+06   8.879E+07   1.454E+00   2.063E+00   2.022E-02   5.161E-01
    140           59       1   5.329E+11   8.563E+09   9.808E+01   0.000E+00   0.000E+00   4.363E+04   4.363E+04   0.000E+00   3.482E-02  -1.000E+00   2.745E+00  -1.000E+00   7.924E-11
    141           60       1   4.929E+11   9.742E+09   1.372E+02   5.353E-01   5.495E-11   5.127E+09   4.542E+09   2.526E+07   6.106E+08   3.043E+00   2.892E+00   1.338E+00   9.537E-01
    142           61       1   4.975E+11   1.028E+10   8.935E+01   2.403E-01   2.338E-11   4.316E+08   1.327E+08   1.884E+07   3.177E+08   3.946E+00   4.286E+00   4.906E-01   3.904E+00
    143           62       1   5.028E+11   1.246E+10   7.438E+01   3.804E-01   3.052E-11   4.615E+09   4.010E+09   1.281E+07   6.173E+08   4.098E+00   4.150E+00   2.058E-01   1.440E+00
    144           63       1   4.859E+11   9.547E+09   4.147E+01   3.483E-01   3.648E-11   1.678E+09   1.214E+09   8.233E+06   4.723E+08   3.413E+00   3.464E+00   6.223E-02   6.412E-01
    145           64       1   3.131E+11   2.073E+09   3.863E+01   0.000E+00   0.000E+00   8.508E+03   8.508E+03   0.000E+00   1.001E-04  -1.000E+00   1.433E+00  -1.000E+00   6.103E-15
    146           65       1   4.041E+11   7.130E+09   8.184E+01   7.428E-01   1.042E-10   1.468E+09   7.936E+08   1.146E+08   7.893E+08   2.259E+00   2.684E+00   2.789E+00   1.437E+01
    147           66       1   4.173E+11   7.280E+09   2.035E+02   7.613E-02   1.046E-11   1.457E+08   4.518E+07   5.467E+06   1.059E+08   3.722E+00   3.927E+00   4.689E-01   3.771E+00
    148           67       1   2.885E+11   3.095E+09   5.629E+01   1.493E-01   4.822E-11   2.815E+08   1.175E+08   1.219E+07   1.762E+08   3.026E+00   3.313E+00   8.184E-01   6.021E+00
    149           68       1   4.430E+11   5.163E+09   1.008E+02   1.391E-02   2.694E-12   3.920E+07   2.805E+07   5.367E+05   1.169E+07   6.811E-01   1.611E+00   2.512E-01   1.981E+00
    150           69       1   3.934E+11   4.135E+09   8.110E+01   1.358E-02   3.283E-12   8.884E+07   7.758E+07   4.161E+05   1.167E+07   1.278E+00   2.114E+00   2.090E-02   5.334E-01
    151           70       1   4.212E+11   4.934E+09   3.096E+01   3.023E-01   6.127E-11   2.890E+09   2.505E+09   1.396E+07   3.988E+08   3.416E+00   3.307E+00   7.739E-01   2.051E+00
    152           71       1   4.256E+11   6.344E+09   1.368E+02   3.786E-01   5.967E-11   9.803E+08   7.848E+08   1.252E+08   3.208E+08   3.693E+00   3.515E+00   6.253E+01   6.285E+01
    153           72       1   4.423E+11   8.316E+09   5.590E+01   3.657E-01   4.397E-11   2.798E+09   2.302E+09   1.702E+07   5.131E+08   4.347E+00   3.984E+00   5.849E-01   7.076E-01
    154           73       1   4.398E+11   8.108E+09   9.135E+01   2.418E-01   2.983E-11   2.318E+09   1.967E+09   1.109E+07   3.613E+08   3.940E+00   3.837E+00   5.880E-01   9.035E-01
    155           74       1   2.196E+11   1.594E+09   2.899E+01   5.192E-02   3.257E-11   1.404E+08   8.765E+07   2.243E+06   5.494E+07   1.812E+00   2.553E+00   2.032E-01   3.237E+00
    156           74       0   2.196E+11   1.486E+09   2.002E+01   4.565E-02   3.071E-11   7.888E+07   3.140E+07   4.691E+06   5.217E+07   3.334E+00   3.512E+00   1.990E+00   1.126E+01
    157           75       1   3.714E+11   3.023E+09   5.046E+01   3.004E-01   9.938E-11   1.019E+09   7.174E+08   2.015E+07   3.220E+08   2.487E+00   3.071E+00   3.542E-01   3.640E+00
    158           76       1   4.059E+11   5.196E+09   3.907E+01   3.279E-01   6.311E-11   2.140E+09   1.828E+09   2.304E+07   3.344E+08   2.722E+00   2.501E+00   1.474E+00   2.809E+00
    159           77       1   2.841E+11   3.550E+09   5.869E+01   1.777E-01   5.005E-11   1.561E+09   1.329E+09   1.184E+07   2.437E+08   4.696E+00   3.926E+00   5.613E+00   8.658E-01
    160           78       1   3.568E+11   5.008E+09   2.124E+01   6.117E-01   1.222E-10   2.280E+09   1.696E+09   4.456E+07   6.290E+08   2.944E+00   3.057E+00   1.471E+00   3.377E+00
    161           79       1   3.594E+11   5.041E+09   5.839E+01   7.880E-02   1.563E-11   1.063E+08   4.242E+07   1.579E+07   7.971E+07   1.893E+00   2.693E+00   4.326E+00   2.127E+01
    162           80       1   3.865E+11   4.919E+09   8.596E+01   0.000E+00   0.000E+00   7.567E+06   6.855E+06   0.000E+00   7.122E+05  -1.000E+00   3.660E+00  -1.000E+00   7.985E-02
    163           81       1   3.694E+11   5.415E+09   8.404E+01   5.898E-02   1.089E-11   4.363E+08   3.266E+08   1.225E+06   1.109E+08   4.578E+00   4.528E+00   2.181E-02   4.982E-01
    164           82       1   3.766E+11   6.161E+09   1.732E+02   1.074E-01   1.744E-11   1.945E+08   7.655E+07   1.171E+07   1.297E+08   4.815E+00   4.638E+00   9.160E-01   7.924E+00
    165           83       1   2.425E+11   2.764E+09   2.604E+01   3.922E-01   1.419E-10   1.451E+09   1.096E+09   2.779E+07   3.829E+08   2.512E+00   2.736E+00   8.972E-01   3.426E+00
    166           84       1   3.434E+11   8.075E+09   1.184E+02   6.247E-01   7.736E-11   2.179E+09   1.607E+09   5.264E+07   6.246E+08   3.817E+00   3.393E+00   5.650E+00   3.117E+00
    167           85       1   3.253E+11   2.322E+09   2.335E+01   3.671E-01   1.581E-10   2.666E+09   2.291E+09   2.506E+07   4.002E+08   2.682E+00   2.691E+00   3.423E+00   1.953E+00
    168           87       1   2.922E+11   2.933E+09   2.885E+01   2.528E-01   8.619E-11   6.059E+09   5.752E+09   1.079E+07   3.180E+08   2.498E+00   2.791E+00   2.742E-01   1.387E+00
    169           88       1   2.799E+11   2.127E+09   2.954E+01   1.315E-01   6.184E-11   3.042E+09   2.842E+09   6.233E+06   2.057E+08   3.624E+00   3.314E+00   2.718E-01   2.457E+00
    170           90       1   2.997E+11   2.536E+09   5.317E+01   0.000E+00   0.000E+00   1.439E+07   1.201E+07   0.000E+00   2.382E+06  -1.000E+00   2.514E+00  -1.000E+00   2.778E-01
    171           92       1   3.351E+11   5.576E+09   3.911E+01   2.099E-01   3.764E-11   9.091E+08   6.173E+08   7.599E+06   2.993E+08   2.678E+00   2.999E+00   2.033E-01   2.510E+00
    172           93       1   3.313E+11   4.514E+09   4.890E+01   0.000E+00   0.000E+00   1.932E+06   1.818E+06   0.000E+00   1.139E+05  -1.000E+00   4.625E-01  -1.000E+00   3.443E-03
    173           94       1   3.029E+11   5.938E+09   1.218E+02   1.620E-01   2.728E-11   9.780E+08   8.051E+08   1.253E+07   1.854E+08   2.270E+00   2.601E+00   8.206E-01   5.553E+00
    174           96       1   2.966E+11   2.776E+09   6.038E+01   3.835E-01   1.381E-10   4.146E+08   1.696E+08   9.731E+07   3.423E+08   2.217E+00   2.298E+00   2.313E+01   2.961E+01
    175           97       1   2.774E+11   1.197E+09   2.608E+01   9.241E-02   7.722E-11   1.963E+09   1.859E+09   1.138E+07   1.152E+08   3.035E+00   3.071E+00   1.968E+00   9.452E+00
    176           98       1   2.654E+11   3.232E+09   2.279E+01   3.998E-01   1.237E-10   5.164E+09   4.753E+09   9.540E+06   4.205E+08   1.572E+00   2.031E+00   6.583E-03   2.948E-01
    177          100       1   2.245E+11   2.642E+09   2.699E+01   2.675E-01   1.012E-10   3.899E+09   3.621E+09   1.792E+07   2.958E+08   2.901E+00   2.674E+00   3.095E+00   5.640E-01
    178          101       1   2.955E+11   4.722E+09   3.167E+01   1.832E-01   3.879E-11   6.756E+08   4.118E+08   7.999E+06   2.719E+08   3.346E+00   3.658E+00   3.533E-01   3.516E+00
    179          103       1   2.585E+11   3.747E+09   3.218E+01   1.523E-01   4.064E-11   1.015E+09   8.193E+08   1.282E+07   2.081E+08   3.830E+00   3.433E+00   5.917E+00   3.689E+00
    180          104       1   1.573E+11   1.290E+09   3.205E+01   9.502E-02   7.368E-11   1.956E+08   1.083E+08   1.062E+07   9.792E+07   2.198E+00   2.429E+00   6.605E-01   5.314E+00
    181          105       1   2.639E+11   3.875E+09   7.157E+01   1.103E-01   2.846E-11   1.119E+08   2.816E+07   2.675E+07   1.105E+08   4.247E+00   4.294E+00   5.888E+00   1.211E+01
    182          106       1   1.962E+11   2.305E+09   5.280E+01   7.986E-02   3.464E-11   1.567E+09   1.452E+09   4.602E+06   1.198E+08   2.901E+00   3.314E+00   4.404E-01   2.034E+00
    183          109       1   2.653E+11   4.684E+09   1.984E+01   3.288E-01   7.021E-11   1.117E+09   7.343E+08   2.610E+07   4.091E+08   3.478E+00   3.537E+00   4.425E+00   1.908E+00
    184          111       1   2.310E+11   1.245E+09   2.889E+01   1.330E-01   1.069E-10   1.470E+09   1.358E+09   2.565E+07   1.377E+08   2.771E+00   2.919E+00   6.775E+00   1.859E+01
    185          112       1   2.649E+11   3.093E+09   7.444E+01   5.388E-02   1.742E-11   9.349E+07   4.410E+07   9.065E+06   5.845E+07   2.143E+00   2.335E+00   1.570E+00   6.733E+00
    186          113       1   2.330E+11   2.181E+09   3.820E+01   1.782E-01   8.170E-11   4.246E+08   2.402E+08   1.606E+07   2.005E+08   2.991E+00   3.168E+00   1.463E+00   7.010E+00
    187          114       1   2.049E+11   1.192E+09   1.753E+01   8.264E-02   6.933E-11   1.779E+09   1.666E+09   6.744E+06   1.199E+08   2.753E+00   2.562E+00   2.053E+00   1.744E+00
    188          115       1   2.044E+11   1.316E+09   3.826E+01   8.069E-02   6.130E-11   9.463E+08   8.972E+08   2.074E+07   6.986E+07   2.941E+00   3.030E+00   1.003E+01   1.950E+01
    189          116       1   2.304E+11   3.090E+09   5.745E+01   7.173E-02   2.322E-11   7.319E+07   1.010E+07   1.318E+07   7.627E+07   3.952E+00   4.056E+00   4.351E+00   1.856E+01
    190          118       1   2.139E+11   1.073E+09   2.242E+01   7.085E-02   6.602E-11   1.231E+09   1.148E+09   2.063E+06   8.472E+07   2.080E+00   2.477E+00   9.146E-02   1.632E+00
    191          121       1   1.950E+11   2.671E+09   6.370E+01   1.104E-01   4.132E-11   2.521E+08   1.492E+08   1.195E+07   1.149E+08   2.401E+00   2.946E+00   1.092E+00   6.229E+00
    192          122       1   2.167E+11   1.491E+09   2.945E+01   9.134E-02   6.126E-11   1.208E+08   4.737E+07   1.830E+07   9.175E+07   2.892E+00   2.805E+00   2.698E+00   1.083E+01
    193          124       1   1.968E+11   1.198E+09   6.090E+00   9.770E-02   8.154E-11   1.608E+09   1.483E+09   5.789E+06   1.302E+08   2.041E+00   1.904E+00   5.471E-01   4.194E-01
    194          127       1   2.049E+11   2.817E+09   1.902E+01   1.632E-01   5.792E-11   9.874E+08   7.718E+08   4.629E+06   2.202E+08   3.057E+00   3.424E+00   1.072E-01   1.756E+00
    195          130       1   1.838E+11   1.016E+09   1.999E+01   0.000E+00   0.000E+00   3.129E+04   3.129E+04   0.000E+00   1.326E-03  -1.000E+00   1.612E+00  -1.000E+00   1.507E-11
    196          131       1   1.743E+11   1.280E+09   2.619E+01   1.078E-01   8.419E-11   2.451E+08   1.629E+08   1.713E+07   9.932E+07   2.664E+00   3.053E+00   4.016E+00   1.631E+01
    197          135       1   1.849E+11   1.711E+09   3.301E+01   0.000E+00   0.000E+00   4.604E+07   4.202E+07   0.000E+00   4.016E+06  -1.000E+00   1.680E+00  -1.000E+00   1.194E-01
    198          136       1   1.789E+11   1.304E+09   1.401E+01   4.612E-02   3.537E-11   9.617E+07   3.235E+07   1.948E+06   6.576E+07   4.687E+00   4.676E+00   3.840E-01   4.073E+00
    199          140       1   1.929E+11   1.583E+09   3.505E+01   5.302E-02   3.350E-11   1.534E+08   1.079E+08   5.519E+06   5.103E+07   1.876E+00   2.182E+00   4.944E-01   3.931E+00
    200          141       1   1.873E+11   1.098E+09   2.373E+01   6.713E-02   6.114E-11   4.170E+08   3.389E+08   4.212E+06   8.232E+07   2.286E+00   2.517E+00   7.657E-01   5.445E+00
    201          143       1   1.711E+11   1.096E+09   2.189E+01   9.554E-02   8.717E-11   1.037E+09   9.365E+08   3.768E+06   1.045E+08   2.463E+00   2.606E+00   3.771E-01   1.470E+00
    202          145       1   1.424E+11   1.136E+09   9.421E+00   1.060E-01   9.328E-11   1.268E+09   1.160E+09   3.504E+06   1.123E+08   1.566E+00   1.937E+00   6.199E-03   2.453E-01
    203          149       1   1.091E+11   1.169E+09   8.012E+00   7.514E-02   6.428E-11   1.242E+09   1.137E+09   1.992E+06   1.074E+08   1.752E+00   2.113E+00   9.749E-02   2.482E-01
    204          154       1   1.518E+11   1.228E+09   1.266E+01   8.619E-02   7.019E-11   6.537E+08   5.482E+08   3.115E+06   1.087E+08   2.382E+00   3.129E+00   1.798E-01   2.184E+00
    205          156       1   1.483E+11   1.296E+09   2.483E+01   2.884E-02   2.226E-11   6.327E+07   2.557E+07   9.654E+05   3.866E+07   2.924E+00   3.071E+00   5.520E-02   1.489E+00
    206          158       1   1.395E+11   1.155E+09   1.099E+01   2.097E-01   1.815E-10   4.731E+08   2.622E+08   1.599E+07   2.269E+08   2.291E+00   2.328E+00   9.573E-01   5.565E+00
    207          162       1   1.442E+11   1.012E+09   2.401E+01   1.003E-01   9.918E-11   1.808E+08   1.073E+08   1.291E+07   8.642E+07   1.518E+00   2.162E+00   2.340E+00   9.046E+00
    208          165       1   1.405E+11   1.331E+09   2.390E+01   7.859E-02   5.904E-11   8.078E+07   1.889E+07   1.778E+07   7.967E+07   3.304E+00   3.332E+00   5.266E+00   1.791E+01
    209          170       1   1.167E+11   2.123E+09   1.106E+01   6.692E-02   3.152E-11   9.780E+08   8.802E+08   1.280E+06   9.914E+07   1.759E+00   2.186E+00   1.309E-03   1.054E-01
    210          188       1   1.133E+11   1.351E+09   1.117E+01   8.424E-04   6.235E-13   3.632E+07   3.084E+07   5.748E+03   5.481E+06   3.834E+00   3.481E+00   1.721E-04   1.515E-01
    211          193       1   1.104E+11   1.192E+09   1.095E+01   1.251E-01   1.049E-10   3.202E+08   1.796E+08   4.616E+06   1.453E+08   2.281E+00   2.544E+00   1.100E-01   2.234E+00
    212          194       1   1.123E+11   1.102E+09   1.173E+01   4.630E-02   4.201E-11   4.968E+08   4.285E+08   2.677E+06   7.093E+07   2.627E+00   2.662E+00   2.712E-01   9.321E-01
    213          196       1   1.057E+11   1.200E+09   1.345E+01   1.106E-01   9.212E-11   7.682E+08   6.436E+08   3.896E+06   1.285E+08   2.414E+00   2.521E+00   1.634E-01   1.480E+00
    214          221       1   9.276E+10   1.256E+09   1.707E+01   3.224E-02   2.567E-11   5.750E+07   2.071E+07   3.564E+06   4.035E+07   3.684E+00   3.678E+00   7.413E-01   5.492E+00
    215          286       1   6.903E+10   1.162E+09   2.100E+01   1.074E-02   9.248E-12   2.703E+07   1.269E+07   1.963E+05   1.454E+07   3.340E+00   3.428E+00   1.197E-02   7.793E-01
    216          354       1   5.562E+10   1.010E+09   1.478E+01   2.849E-02   2.821E-11   6.334E+07   3.368E+07   2.376E+06   3.203E+07   2.740E+00   2.979E+00   3.563E-01   3.312E+00
