# Eagle run L0025N0752/RECALIBRATED snapshot_028_z000p000
# number of galaxies = 264
# SubIndex; GroupNumber; IsCentral; M200 of host [Msun]; M*,30pkpc [Msun]; Sigma_*,r1/2 [Msun ppc^-2]; SFR [Msun yr^-1]; sSFR [yr^-1];
#    M_HI_BR06 [Msun]; M_HI_GK11 [Msun]; M_H2_BR06 [Msun]; M_H2_GK11 [Msun]; MMW ZH2_BR06_rhalf [Zsun]; MMW ZH2_GK11_rhalf [Zsun]; SigmaH2_BR06,r1/2 [Msun ppc^-2]; SigmaH2_GK11,r1/2 [Msun ppc^-2]
      0            0       1   1.426E+13   5.886E+10   4.531E+01   1.437E+00   2.441E-11   4.065E+09   2.845E+09   1.849E+08   1.405E+09   2.009E+00   2.521E+00   1.671E-01   2.162E+00
      1            0       0   1.426E+13   1.831E+10   1.719E+03   1.603E-01   8.757E-12   1.216E+08   4.722E+07   4.907E+07   1.235E+08   5.735E+00   5.550E+00   2.311E+01   2.945E+01
      2            0       0   1.426E+13   1.839E+10   3.007E+02   2.470E-01   1.343E-11   3.446E+08   9.795E+07   3.559E+07   2.822E+08   5.798E+00   5.697E+00   7.602E+00   5.388E+00
      3            0       0   1.426E+13   1.089E+10   6.764E+02   5.351E-02   4.916E-12   3.696E+04   3.692E+04   0.000E+00   4.059E+01  -1.000E+00   6.355E+00  -1.000E+00   1.621E-06
      4            0       0   1.426E+13   1.565E+10   9.515E+02   0.000E+00   0.000E+00   5.646E-01   5.646E-01   0.000E+00   1.595E-14  -1.000E+00  -1.000E+00  -1.000E+00  -1.000E+00
      5            0       0   1.426E+13   1.215E+10   3.404E+02   1.085E-01   8.932E-12   6.799E+07   8.245E+06   2.940E+07   8.915E+07   6.772E+00   6.630E+00   2.407E+01   2.342E+01
      6            0       0   1.426E+13   5.916E+09   4.533E+01   4.507E-02   7.618E-12   4.004E+07   3.492E+06   8.556E+06   4.510E+07   6.456E+00   6.464E+00   2.739E+00   1.024E+01
      7            0       0   1.426E+13   4.579E+09   1.430E+02   1.018E-01   2.224E-11   7.306E+07   1.593E+07   3.022E+07   8.735E+07   5.589E+00   5.414E+00   2.901E+01   3.064E+01
      8            0       0   1.426E+13   2.241E+09   3.161E+01   1.319E-01   5.888E-11   2.048E+08   7.673E+07   2.359E+07   1.517E+08   3.234E+00   3.122E+00   6.949E+00   8.435E+00
      9            0       0   1.426E+13   2.806E+09   5.477E+01   7.926E-02   2.825E-11   8.804E+07   2.451E+07   1.966E+07   8.318E+07   3.764E+00   3.853E+00   1.289E+01   2.352E+01
     10            0       0   1.426E+13   1.534E+09   4.517E+01   8.538E-02   5.566E-11   1.519E+08   6.957E+07   1.030E+07   9.264E+07   2.094E+00   2.215E+00   7.429E-01   4.809E+00
     11            0       0   1.426E+13   1.743E+09   2.920E+01   5.488E-01   3.147E-10   1.127E+09   8.368E+08   9.504E+07   3.853E+08   1.344E+00   1.591E+00   5.170E+00   9.121E+00
     12            0       0   1.426E+13   1.551E+09   3.553E+01   0.000E+00   0.000E+00   0.000E+00   0.000E+00   0.000E+00   0.000E+00  -1.000E+00  -1.000E+00  -1.000E+00  -1.000E+00
     13            0       0   1.426E+13   4.523E+09   3.297E+02   0.000E+00   0.000E+00   0.000E+00   0.000E+00   0.000E+00   0.000E+00  -1.000E+00  -1.000E+00  -1.000E+00  -1.000E+00
     14            0       0   1.426E+13   4.928E+09   8.242E+02   0.000E+00   0.000E+00   0.000E+00   0.000E+00   0.000E+00   0.000E+00  -1.000E+00  -1.000E+00  -1.000E+00  -1.000E+00
     15            0       0   1.426E+13   1.518E+09   2.849E+01   3.559E-04   2.344E-13   5.959E+06   4.164E+06   1.651E+03   1.796E+06   5.993E+00   6.008E+00   2.025E-03   9.757E-01
     16            0       0   1.426E+13   1.281E+09   1.176E+01   0.000E+00   0.000E+00   0.000E+00   0.000E+00   0.000E+00   0.000E+00  -1.000E+00  -1.000E+00  -1.000E+00  -1.000E+00
     17            0       0   1.426E+13   2.199E+09   2.390E+02   0.000E+00   0.000E+00   0.000E+00   0.000E+00   0.000E+00   0.000E+00  -1.000E+00  -1.000E+00  -1.000E+00  -1.000E+00
     18            1       1   9.480E+12   7.121E+10   8.426E+02   2.553E-02   3.585E-13   7.202E+08   6.434E+08   2.777E+07   1.046E+08   9.706E-01   2.485E+00   2.391E-03   9.801E-03
     19            1       0   9.480E+12   3.242E+10   8.350E+02   5.932E-01   1.830E-11   3.489E+08   4.099E+07   1.740E+08   4.819E+08   4.798E+00   4.317E+00   3.478E+01   1.475E+01
     20            1       0   9.480E+12   9.688E+09   1.188E+02   7.241E-01   7.474E-11   9.285E+09   8.441E+09   5.162E+07   8.957E+08   3.727E+00   2.556E+00   1.873E+00   4.284E-01
     21            1       0   9.480E+12   1.358E+10   1.182E+02   1.390E+00   1.024E-10   3.654E+09   2.485E+09   1.880E+08   1.357E+09   3.099E+00   2.818E+00   1.480E+00   5.202E+00
     22            1       0   9.480E+12   1.478E+10   1.349E+02   3.725E-01   2.520E-11   3.937E+08   3.295E+07   5.624E+07   4.170E+08   5.369E+00   5.119E+00   3.025E+00   5.898E+00
     23            1       0   9.480E+12   2.297E+09   1.909E+01   2.033E-01   8.851E-11   6.639E+08   4.648E+08   1.611E+07   2.152E+08   2.217E+00   2.221E+00   1.251E+00   1.876E+00
     24            1       0   9.480E+12   3.857E+09   1.106E+02   0.000E+00   0.000E+00   0.000E+00   0.000E+00   0.000E+00   0.000E+00  -1.000E+00  -1.000E+00  -1.000E+00  -1.000E+00
     25            1       0   9.480E+12   1.286E+09   2.740E+01   5.144E-03   3.999E-12   1.363E+07   5.593E+06   1.254E+05   8.160E+06   3.933E+00   3.976E+00   2.367E-04   1.451E-02
     26            1       0   9.480E+12   1.275E+09   3.272E+01   5.934E-02   4.655E-11   6.010E+07   1.211E+07   1.445E+07   6.245E+07   3.190E+00   3.150E+00   8.864E+00   1.912E+01
     27            2       1   5.163E+12   5.772E+10   9.155E+02   2.375E-01   4.115E-12   4.027E+08   3.739E+08   8.018E+07   1.090E+08   4.327E+00   4.379E+00   1.087E+02   9.026E+01
     28            2       0   5.163E+12   1.581E+10   1.669E+01   1.874E+00   1.185E-10   3.962E+09   2.534E+09   2.871E+08   1.714E+09   2.843E+00   2.807E+00   7.401E+00   1.035E+01
     29            2       0   5.163E+12   2.742E+09   2.650E+01   4.016E-01   1.465E-10   1.201E+09   8.766E+08   3.022E+07   3.548E+08   1.816E+00   2.003E+00   4.269E-01   2.516E+00
     30            2       0   5.163E+12   9.401E+09   6.097E+02   0.000E+00   0.000E+00   6.459E+00   6.459E+00   0.000E+00   2.181E-10  -1.000E+00   1.709E+00  -1.000E+00   2.967E-18
     31            2       0   5.163E+12   2.017E+09   2.222E+01   1.232E-01   6.107E-11   2.995E+08   1.642E+08   8.522E+06   1.438E+08   2.645E+00   2.711E+00   7.098E-01   2.727E+00
     32            2       0   5.163E+12   1.383E+09   1.605E+01   0.000E+00   0.000E+00   0.000E+00   0.000E+00   0.000E+00   0.000E+00  -1.000E+00  -1.000E+00  -1.000E+00  -1.000E+00
     33            2       0   5.163E+12   1.600E+09   4.635E+01   0.000E+00   0.000E+00   0.000E+00   0.000E+00   0.000E+00   0.000E+00  -1.000E+00  -1.000E+00  -1.000E+00  -1.000E+00
     34            3       1   3.237E+12   5.144E+10   7.387E+02   1.138E-02   2.212E-13   2.105E+08   1.895E+08   3.944E+06   2.491E+07   2.748E+00   2.664E+00   9.103E+00   2.265E-03
     35            3       0   3.237E+12   3.255E+10   1.685E+03   0.000E+00   0.000E+00   3.728E+09   3.515E+09   1.778E+07   2.304E+08   7.219E-01   1.637E+00   1.223E-03   1.591E-02
     36            3       0   3.237E+12   1.185E+09   2.546E+01   4.774E-02   4.027E-11   4.806E+07   9.867E+06   1.116E+07   4.935E+07   3.337E+00   3.192E+00   6.231E+00   1.504E+01
     37            3       0   3.237E+12   1.081E+09   2.347E+01   2.963E-02   2.741E-11   1.405E+08   1.060E+08   8.808E+05   3.545E+07   2.125E+00   2.468E+00   4.559E-02   4.747E-01
     38            3       0   3.237E+12   1.162E+09   6.457E+01   0.000E+00   0.000E+00   0.000E+00   0.000E+00   0.000E+00   0.000E+00  -1.000E+00  -1.000E+00  -1.000E+00  -1.000E+00
     39            4       1   5.566E+12   5.178E+10   2.017E+03   1.478E-01   2.855E-12   1.938E+09   1.632E+09   2.507E+07   3.316E+08   1.444E+00   2.394E+00   4.047E-03   5.149E-02
     40            4       0   5.566E+12   2.977E+10   1.605E+02   2.740E+00   9.204E-11   4.045E+09   1.745E+09   4.559E+08   2.756E+09   3.828E+00   3.231E+00   4.581E+00   7.805E+00
     41            4       0   5.566E+12   1.203E+10   4.265E+01   1.218E+00   1.012E-10   2.349E+09   1.047E+09   1.222E+08   1.425E+09   3.009E+00   2.849E+00   6.397E-01   3.475E+00
     42            5       1   5.421E+12   5.054E+10   1.273E+02   1.800E-01   3.561E-12   2.439E+09   2.120E+09   3.766E+07   3.571E+08   1.020E+00   2.373E+00   5.623E-03   3.788E-02
     43            5       0   5.421E+12   1.239E+10   1.268E+02   1.730E+00   1.397E-10   3.784E+09   2.343E+09   2.322E+08   1.673E+09   2.682E+00   2.357E+00   3.365E+00   4.406E+00
     44            5       0   5.421E+12   2.402E+09   5.053E+01   4.512E-01   1.878E-10   2.081E+09   1.771E+09   5.426E+07   3.645E+08   1.558E+00   1.906E+00   1.034E+00   4.052E+00
     45            5       0   5.421E+12   5.641E+09   3.173E+01   3.758E-01   6.662E-11   1.217E+09   7.862E+08   2.513E+07   4.559E+08   3.100E+00   2.860E+00   6.122E-01   2.078E+00
     46            5       0   5.421E+12   1.829E+09   2.110E+01   6.290E-02   3.438E-11   1.349E+08   5.840E+07   3.744E+06   8.021E+07   2.785E+00   2.906E+00   1.271E-01   2.183E+00
     47            6       1   3.897E+12   3.214E+10   1.275E+02   5.900E-01   1.836E-11   3.684E+09   2.924E+09   9.427E+07   8.540E+08   1.928E+00   2.393E+00   1.689E+01   3.014E-01
     48            6       0   3.897E+12   5.608E+09   3.310E+01   5.900E-01   1.052E-10   6.762E+09   6.191E+09   2.761E+07   5.982E+08   2.300E+00   2.225E+00   5.262E-02   4.299E-01
     49            6       0   3.897E+12   9.608E+09   6.413E+01   1.521E+00   1.583E-10   7.358E+09   6.054E+09   1.435E+08   1.447E+09   2.499E+00   2.437E+00   1.430E+00   3.808E+00
     50            6       0   3.897E+12   2.702E+09   3.406E+01   2.175E-01   8.051E-11   1.627E+09   1.425E+09   1.164E+07   2.138E+08   1.996E+00   2.175E+00   2.101E-01   8.371E-01
     51            6       0   3.897E+12   6.388E+09   8.714E+01   2.269E-01   3.552E-11   3.512E+08   1.012E+08   2.506E+07   2.751E+08   4.059E+00   3.607E+00   4.401E+00   3.687E+00
     52            6       0   3.897E+12   1.757E+09   1.222E+01   2.408E-01   1.370E-10   1.503E+09   1.309E+09   1.287E+07   2.064E+08   1.670E+00   1.813E+00   2.412E-01   1.029E+00
     53            6       0   3.897E+12   5.655E+09   9.439E+02   2.314E+00   4.091E-10   1.784E+08   2.617E+07   7.970E+08   9.492E+08   2.681E+00   2.668E+00   4.245E+02   4.209E+02
     54            7       1   4.319E+12   7.024E+10   4.585E+02   3.448E+00   4.912E-11   1.092E+09   8.258E+08   9.661E+08   1.233E+09   6.074E+00   5.765E+00   3.498E+02   3.233E+02
     55            7       0   4.319E+12   1.142E+09   1.366E+01   9.080E-03   7.948E-12   3.633E+07   2.239E+07   1.543E+05   1.409E+07   3.209E+00   3.288E+00   4.386E-03   3.641E-01
     56            7       0   4.319E+12   1.073E+09   2.220E+01   0.000E+00   0.000E+00   0.000E+00   0.000E+00   0.000E+00   0.000E+00  -1.000E+00  -1.000E+00  -1.000E+00  -1.000E+00
     57            8       1   4.369E+12   2.451E+10   2.607E+02   1.840E+00   7.507E-11   5.456E+09   3.830E+09   2.061E+08   1.833E+09   3.466E+00   2.522E+00   1.040E+00   2.987E+00
     58            8       0   4.369E+12   2.251E+10   1.745E+03   7.491E-01   3.327E-11   1.627E+09   1.302E+09   2.464E+08   5.716E+08   3.402E+00   3.177E+00   4.130E+01   2.006E+01
     59            8       0   4.369E+12   6.249E+09   1.994E+01   4.578E-01   7.326E-11   1.790E+09   1.280E+09   5.960E+07   5.701E+08   2.552E+00   2.604E+00   4.278E+00   2.871E+00
     60            9       1   4.063E+12   4.651E+10   1.659E+03   7.928E-02   1.705E-12   3.564E+09   3.398E+09   1.317E+07   1.792E+08   6.852E-01   1.354E+00   1.901E-03   2.295E-02
     61            9       0   4.063E+12   2.563E+09   4.068E+01   1.009E-01   3.939E-11   4.276E+08   3.067E+08   9.835E+06   1.308E+08   2.781E+00   2.810E+00   7.209E-01   4.116E+00
     62           10       1   3.825E+12   4.189E+10   1.384E+02   5.534E-01   1.321E-11   4.235E+09   3.511E+09   3.464E+07   7.581E+08   1.942E+00   2.494E+00   9.889E-03   2.792E-01
     63           10       0   3.825E+12   2.733E+09   1.655E+01   6.876E-01   2.515E-10   3.606E+09   3.177E+09   3.894E+07   4.677E+08   1.227E+00   1.697E+00   4.714E-02   5.758E-01
     64           10       0   3.825E+12   4.381E+09   8.020E+01   2.772E-01   6.328E-11   4.703E+08   2.480E+08   6.273E+07   2.850E+08   2.947E+00   2.902E+00   1.288E+01   1.626E+01
     65           10       0   3.825E+12   1.119E+09   3.138E+01   1.917E-01   1.714E-10   1.648E+09   1.528E+09   1.957E+07   1.395E+08   1.311E+00   1.759E+00   1.921E+00   4.463E-01
     66           10       0   3.825E+12   3.267E+09   8.320E+01   7.955E-04   2.435E-13   1.335E+07   1.007E+07   9.713E+03   3.291E+06   3.072E+00   4.155E+00   3.908E-03   3.746E-01
     67           11       1   3.503E+12   5.314E+10   1.475E+03   2.048E-01   3.853E-12   1.898E+09   1.798E+09   6.877E+07   1.692E+08   3.235E+00   2.643E+00   1.370E+02   1.302E-01
     68           11       0   3.503E+12   1.835E+09   1.028E+01   2.209E-01   1.204E-10   1.068E+09   8.841E+08   2.423E+07   2.079E+08   1.695E+00   1.797E+00   3.085E+00   3.993E+00
     69           11       0   3.503E+12   1.799E+09   1.900E+01   1.057E-01   5.879E-11   3.523E+08   2.435E+08   7.529E+06   1.163E+08   1.964E+00   2.094E+00   5.180E-01   2.708E+00
     70           11       0   3.503E+12   2.658E+09   7.083E+01   1.447E-01   5.445E-11   1.841E+08   4.360E+07   2.476E+07   1.653E+08   3.603E+00   3.535E+00   3.217E+00   1.095E+01
     71           12       1   2.353E+12   4.301E+10   4.419E+02   4.290E+00   9.974E-11   8.255E+09   5.392E+09   9.271E+08   3.790E+09   4.405E+00   3.454E+00   1.107E+01   1.339E+01
     72           12       0   2.353E+12   6.334E+09   8.546E+01   5.350E-01   8.447E-11   1.849E+09   1.362E+09   4.785E+07   5.352E+08   3.249E+00   2.744E+00   2.021E+00   2.726E+00
     73           12       0   2.353E+12   3.540E+09   3.000E+01   3.778E-01   1.067E-10   5.774E+09   5.379E+09   1.646E+07   4.120E+08   2.089E+00   1.958E+00   4.003E-02   2.485E-01
     74           13       1   1.821E+12   1.637E+10   8.731E+02   7.343E-02   4.485E-12   1.900E+09   1.767E+09   2.041E+07   1.535E+08   1.959E+00   2.171E+00   3.199E+01   1.874E-02
     75           13       0   1.821E+12   2.297E+10   3.122E+03   4.419E-02   1.924E-12   1.079E+09   9.907E+08   8.851E+06   9.738E+07   1.047E+00   1.871E+00   1.411E-03   1.047E-02
     76           13       0   1.821E+12   1.081E+10   1.325E+02   1.082E+00   1.001E-10   4.318E+09   3.340E+09   1.067E+08   1.085E+09   3.697E+00   2.887E+00   6.583E+00   2.040E+00
     77           13       0   1.821E+12   1.751E+09   5.040E+01   1.071E-01   6.117E-11   9.075E+08   7.885E+08   6.042E+06   1.250E+08   1.982E+00   2.213E+00   2.213E-01   1.762E+00
     78           13       0   1.821E+12   6.851E+09   6.498E+01   4.781E-01   6.979E-11   9.156E+08   4.126E+08   5.092E+07   5.539E+08   3.052E+00   2.961E+00   7.504E-01   4.289E+00
     79           13       0   1.821E+12   2.005E+09   3.536E+01   2.925E-01   1.459E-10   6.741E+08   4.132E+08   3.777E+07   2.986E+08   2.139E+00   2.229E+00   4.367E+00   5.206E+00
     80           14       1   3.300E+12   4.849E+10   1.289E+03   4.939E-01   1.019E-11   3.924E+09   3.551E+09   8.577E+07   4.580E+08   6.533E-01   1.751E+00   2.085E-02   9.404E-02
     81           14       0   3.300E+12   1.069E+09   3.279E+01   1.762E-01   1.647E-10   2.621E+09   2.487E+09   1.390E+07   1.486E+08   1.659E+00   1.727E+00   3.471E-01   6.740E-01
     82           14       0   3.300E+12   1.412E+09   2.048E+01   8.839E-02   6.260E-11   2.765E+08   1.812E+08   3.807E+06   9.909E+07   2.479E+00   2.560E+00   1.328E-01   1.758E+00
     83           15       1   2.057E+12   2.859E+10   3.019E+02   8.269E-01   2.892E-11   6.883E+09   5.850E+09   5.983E+07   1.093E+09   2.575E+00   3.272E+00   1.588E-02   6.234E-01
     84           15       0   2.057E+12   1.790E+10   1.130E+02   1.176E+00   6.573E-11   5.974E+09   4.603E+09   1.107E+08   1.482E+09   3.692E+00   2.858E+00   1.683E+00   1.630E+00
     85           16       1   1.600E+12   3.859E+10   1.538E+02   6.524E+00   1.690E-10   7.342E+09   3.419E+09   1.814E+09   5.737E+09   3.086E+00   2.989E+00   6.474E+00   1.532E+01
     86           16       0   1.600E+12   1.355E+10   1.041E+02   1.683E+00   1.242E-10   7.566E+09   6.145E+09   1.854E+08   1.606E+09   2.717E+00   2.634E+00   1.087E+00   1.867E+00
     87           16       0   1.600E+12   7.582E+09   1.859E+02   8.953E-01   1.181E-10   1.300E+09   7.194E+08   2.229E+08   8.038E+08   2.941E+00   2.849E+00   1.287E+01   1.955E+01
     88           17       1   2.758E+12   5.478E+10   1.176E+03   8.684E-01   1.585E-11   1.793E+09   9.667E+08   1.271E+08   9.538E+08   4.854E+00   4.334E+00   3.409E+00   5.320E+00
     89           17       0   2.758E+12   1.213E+09   6.611E+00   2.150E-01   1.772E-10   2.196E+09   2.019E+09   1.024E+07   1.876E+08   1.331E+00   1.458E+00   1.130E-01   3.349E-01
     90           18       1   2.995E+12   4.869E+10   3.533E+02   1.830E+00   3.758E-11   4.707E+09   2.549E+09   1.814E+08   2.339E+09   4.055E+00   3.338E+00   2.836E-01   1.777E+00
     91           18       0   2.995E+12   2.957E+09   7.850E+01   1.100E-01   3.721E-11   1.854E+08   1.122E+08   2.409E+07   9.724E+07   2.892E+00   2.803E+00   9.650E+00   1.302E+01
     92           18       0   2.995E+12   1.375E+09   2.724E+01   8.785E-03   6.387E-12   1.283E+07   1.790E+06   7.062E+05   1.175E+07   4.533E+00   4.610E+00   5.320E-01   5.933E+00
     93           19       1   2.063E+12   1.987E+10   1.416E+02   2.743E-02   1.380E-12   1.212E+09   1.146E+09   6.432E+06   7.244E+07   1.649E+00   1.853E+00   2.049E+01   1.235E-02
     94           19       0   2.063E+12   1.385E+10   3.949E+02   2.798E-02   2.020E-12   8.725E+08   8.397E+08   8.481E+05   3.365E+07   3.237E+00   2.977E+00   6.867E-01   2.390E-03
     95           19       0   2.063E+12   1.095E+09   3.121E+01   3.679E-02   3.358E-11   4.630E+07   1.846E+07   9.599E+06   3.745E+07   2.887E+00   2.924E+00   4.438E+00   1.252E+01
     96           20       1   2.486E+12   2.131E+10   3.514E+02   1.591E+00   7.465E-11   4.727E+09   4.075E+09   3.152E+08   9.671E+08   3.114E+00   2.931E+00   1.109E+01   1.095E+01
     97           20       0   2.486E+12   6.083E+09   8.358E+02   3.090E-01   5.079E-11   7.258E+08   5.592E+08   6.645E+07   2.330E+08   4.579E+00   3.874E+00   3.191E+01   5.055E+00
     98           20       0   2.486E+12   3.989E+09   7.518E+01   5.489E-01   1.376E-10   4.397E+09   4.040E+09   5.381E+07   4.115E+08   2.475E+00   2.114E+00   1.790E+01   4.658E-01
     99           21       1   2.865E+12   2.149E+10   5.096E+02   4.906E-01   2.283E-11   2.627E+09   2.241E+09   4.151E+07   4.273E+08   3.672E+00   2.740E+00   5.081E+00   1.749E+00
    100           21       0   2.865E+12   3.791E+09   1.508E+02   8.190E-02   2.161E-11   1.328E+08   4.388E+07   1.131E+07   1.002E+08   4.273E+00   4.215E+00   1.832E+00   7.618E+00
    101           22       1   1.936E+12   3.211E+10   3.193E+02   1.339E+00   4.170E-11   4.055E+09   2.874E+09   1.008E+08   1.282E+09   3.663E+00   2.519E+00   1.775E-01   1.380E+00
    102           22       0   1.936E+12   2.295E+09   1.006E+02   2.725E-02   1.188E-11   2.651E+07   5.328E+06   6.131E+06   2.731E+07   4.403E+00   4.558E+00   3.832E+00   1.226E+01
    103           22       0   1.936E+12   1.038E+09   2.417E+01   2.175E-02   2.096E-11   3.648E+07   9.936E+06   1.986E+06   2.853E+07   3.222E+00   3.265E+00   8.576E-01   6.074E+00
    104           23       1   2.150E+12   2.737E+10   2.133E+02   1.786E-02   6.525E-13   1.080E+09   1.044E+09   1.328E+06   3.751E+07   1.851E+00   3.074E+00   1.466E-04   4.791E-03
    105           23       0   2.150E+12   2.746E+09   5.489E+01   4.035E-01   1.469E-10   1.895E+09   1.639E+09   8.413E+07   3.404E+08   1.740E+00   1.795E+00   1.779E+01   1.159E+01
    106           24       1   1.643E+12   8.076E+09   3.445E+01   2.339E+00   2.897E-10   5.972E+09   4.777E+09   7.120E+08   1.908E+09   1.958E+00   1.949E+00   2.971E+01   3.938E+01
    107           24       0   1.643E+12   8.908E+09   1.021E+02   3.291E+00   3.695E-10   5.558E+09   3.967E+09   9.070E+08   2.498E+09   2.108E+00   2.040E+00   4.011E+01   3.322E+01
    108           24       0   1.643E+12   2.331E+09   1.790E+01   2.575E-01   1.105E-10   1.520E+09   1.308E+09   1.848E+07   2.311E+08   1.485E+00   1.693E+00   6.976E-01   1.399E+00
    109           24       0   1.643E+12   3.825E+09   5.235E+01   1.162E+00   3.037E-10   1.702E+09   8.999E+08   2.207E+08   1.022E+09   1.851E+00   1.971E+00   8.357E+00   1.341E+01
    110           25       1   1.920E+12   3.290E+10   6.375E+01   1.850E+00   5.624E-11   8.367E+09   5.701E+09   1.146E+08   2.780E+09   3.208E+00   3.256E+00   4.567E-02   9.424E-01
    111           26       1   1.270E+12   2.226E+10   3.579E+02   1.353E+00   6.079E-11   2.250E+09   1.374E+09   3.388E+08   1.215E+09   3.182E+00   2.983E+00   1.393E+01   1.768E+01
    112           26       0   1.270E+12   3.088E+09   5.514E+01   4.173E-01   1.351E-10   2.888E+09   2.583E+09   5.228E+07   3.575E+08   1.798E+00   1.959E+00   7.241E+00   2.468E+00
    113           27       1   1.590E+12   3.553E+10   3.942E+02   2.722E+00   7.730E-11   6.733E+09   4.848E+09   2.959E+08   2.181E+09   6.298E+00   3.309E+00   1.820E+02   2.139E+00
    114           28       1   1.540E+12   1.859E+10   6.344E+01   1.030E-01   5.538E-12   1.454E+09   1.246E+09   1.025E+07   2.183E+08   2.294E+00   2.050E+00   2.024E-01   4.330E-02
    115           28       0   1.540E+12   3.123E+09   8.112E+01   8.478E-01   2.715E-10   8.234E+08   2.683E+08   2.201E+08   7.751E+08   2.377E+00   2.426E+00   3.101E+01   3.604E+01
    116           29       1   1.509E+12   1.578E+10   1.036E+02   1.139E+00   7.218E-11   1.530E+09   8.255E+08   3.068E+08   1.011E+09   2.749E+00   2.701E+00   2.027E+01   2.659E+01
    117           30       1   1.482E+12   2.576E+10   8.930E+01   2.164E+00   8.401E-11   9.338E+09   7.120E+09   1.255E+08   2.343E+09   3.562E+00   3.120E+00   9.245E-02   1.315E+00
    118           31       1   1.478E+12   1.530E+10   2.259E+02   4.371E+00   2.856E-10   7.000E+09   5.227E+09   1.506E+09   3.279E+09   2.505E+00   2.415E+00   5.092E+01   5.698E+01
    119           31       0   1.478E+12   8.103E+09   1.576E+02   1.064E+00   1.313E-10   2.179E+09   1.485E+09   1.689E+08   8.629E+08   2.728E+00   2.529E+00   2.371E+01   2.819E+00
    120           32       1   9.500E+11   1.395E+10   1.186E+02   1.433E+00   1.027E-10   1.478E+10   1.306E+10   1.452E+08   1.868E+09   2.928E+00   2.505E+00   2.320E-01   6.477E-01
    121           32       0   9.500E+11   4.657E+09   3.895E+01   3.377E-01   7.251E-11   1.344E+09   1.012E+09   1.734E+07   3.491E+08   2.850E+00   2.495E+00   7.087E-01   1.007E+00
    122           33       1   1.069E+12   1.619E+10   1.105E+02   9.703E-01   5.992E-11   1.191E+10   1.050E+10   6.505E+07   1.478E+09   3.278E+00   2.785E+00   1.866E-02   3.568E-01
    123           34       1   1.156E+12   1.936E+10   2.806E+02   7.849E-01   4.053E-11   5.904E+09   5.089E+09   6.103E+07   8.764E+08   4.439E+00   3.266E+00   1.414E+01   7.321E-01
    124           35       1   1.211E+12   3.075E+10   2.760E+03   3.024E-01   9.832E-12   2.719E+09   2.389E+09   1.586E+07   3.459E+08   2.585E+00   2.521E+00   2.052E+01   9.306E-02
    125           36       1   7.464E+11   1.077E+10   3.105E+01   2.434E+00   2.260E-10   6.691E+09   5.336E+09   7.509E+08   2.105E+09   2.117E+00   2.075E+00   5.982E+01   5.359E+01
    126           36       0   7.464E+11   1.038E+09   2.238E+01   7.827E-02   7.540E-11   3.720E+08   2.957E+08   7.053E+06   8.332E+07   1.823E+00   2.072E+00   7.033E-01   4.586E+00
    127           36       0   7.464E+11   1.749E+09   6.515E+01   2.493E-01   1.425E-10   2.984E+08   9.085E+07   4.442E+07   2.520E+08   2.213E+00   2.359E+00   1.363E+00   6.395E+00
    128           37       1   9.320E+11   1.923E+10   1.690E+02   1.359E+00   7.064E-11   6.351E+09   4.973E+09   1.114E+08   1.489E+09   4.238E+00   3.187E+00   2.843E+00   2.018E+00
    129           38       1   5.071E+11   6.412E+09   3.427E+01   8.133E-01   1.268E-10   7.336E+09   6.606E+09   7.909E+07   8.092E+08   3.170E+00   2.068E+00   3.345E+01   4.595E-01
    130           38       0   5.071E+11   7.520E+09   1.553E+02   8.350E-01   1.110E-10   3.089E+09   2.486E+09   1.533E+08   7.570E+08   3.224E+00   2.925E+00   2.318E+01   1.057E+01
    131           39       1   8.761E+11   1.258E+10   3.505E+01   3.358E+00   2.670E-10   8.924E+09   7.200E+09   8.217E+08   2.546E+09   2.139E+00   2.025E+00   2.438E+02   9.627E+00
    132           40       1   8.609E+11   1.682E+10   1.329E+02   2.490E+00   1.480E-10   1.139E+10   9.222E+09   2.689E+08   2.438E+09   2.656E+00   2.452E+00   2.525E+00   3.126E+00
    133           41       1   8.641E+11   1.729E+10   2.519E+02   1.700E+00   9.829E-11   8.744E+09   7.249E+09   1.658E+08   1.660E+09   4.174E+00   3.015E+00   2.527E+00   2.135E+00
    134           42       1   6.827E+11   1.325E+10   8.151E+02   5.937E-01   4.481E-11   5.378E+09   4.866E+09   6.604E+07   5.777E+08   4.609E+00   3.186E+00   2.739E+01   5.878E-01
    135           43       1   8.530E+11   1.042E+10   1.412E+02   7.165E-02   6.875E-12   1.573E+09   1.464E+09   6.173E+06   1.145E+08   2.921E+00   2.894E+00   1.645E+00   1.601E+00
    136           44       1   9.023E+11   2.257E+10   1.246E+02   1.045E+00   4.632E-11   3.389E+09   2.236E+09   5.843E+07   1.211E+09   4.808E+00   3.525E+00   1.072E+00   1.118E+00
    137           45       1   8.423E+11   1.901E+10   4.017E+02   8.248E-01   4.339E-11   4.044E+09   3.210E+09   5.687E+07   8.905E+08   5.330E+00   3.794E+00   9.493E+00   9.724E-01
    138           46       1   6.871E+11   1.198E+10   8.973E+01   1.056E+00   8.810E-11   1.291E+10   1.165E+10   8.604E+07   1.346E+09   2.991E+00   2.359E+00   2.853E-01   4.421E-01
    139           47       1   7.247E+11   1.676E+10   1.008E+03   1.263E-01   7.539E-12   1.946E+08   1.567E+08   4.962E+07   8.750E+07   3.652E+00   3.550E+00   5.337E+01   5.749E+01
    140           48       1   6.029E+11   9.725E+09   3.765E+01   1.907E+00   1.961E-10   4.494E+09   3.000E+09   2.007E+08   1.695E+09   1.876E+00   2.099E+00   6.524E-01   3.928E+00
    141           49       1   7.463E+11   1.460E+10   8.860E+01   2.316E+00   1.586E-10   4.632E+09   2.775E+09   3.755E+08   2.232E+09   2.298E+00   2.326E+00   3.352E+00   8.658E+00
    142           50       1   7.034E+11   1.311E+10   2.299E+02   7.903E-01   6.027E-11   9.203E+09   8.210E+09   6.907E+07   1.062E+09   4.705E+00   2.956E+00   1.164E+01   5.645E-01
    143           51       1   6.531E+11   1.226E+10   3.171E+02   2.664E-01   2.174E-11   5.573E+08   2.991E+08   2.344E+07   2.817E+08   3.003E+00   2.899E+00   1.324E+00   2.175E+00
    144           52       1   7.193E+11   6.340E+09   1.949E+02   2.117E-01   3.338E-11   1.657E+09   1.425E+09   1.156E+07   2.437E+08   3.606E+00   2.759E+00   2.643E+00   6.893E-01
    145           53       1   4.016E+11   6.244E+09   3.592E+02   1.066E-01   1.707E-11   9.584E+08   8.378E+08   8.322E+06   1.290E+08   3.293E+00   3.227E+00   9.884E-01   1.561E+00
    146           53       0   4.016E+11   1.359E+09   5.716E+01   9.672E-02   7.119E-11   8.031E+08   7.178E+08   7.614E+06   9.292E+07   2.135E+00   2.195E+00   6.719E-01   2.674E+00
    147           54       1   6.221E+11   1.194E+10   1.987E+02   1.058E+00   8.859E-11   6.612E+09   5.753E+09   1.639E+08   1.022E+09   4.338E+00   3.614E+00   1.826E+01   1.447E+00
    148           55       1   6.604E+11   1.497E+10   3.677E+02   4.729E-01   3.160E-11   1.537E+09   1.068E+09   3.083E+07   5.003E+08   6.187E+00   3.819E+00   1.766E+01   7.004E-01
    149           56       1   5.375E+11   1.295E+10   2.718E+02   9.087E-01   7.018E-11   1.196E+10   1.090E+10   9.350E+07   1.148E+09   4.349E+00   2.889E+00   7.058E-01   5.069E-01
    150           56       0   5.375E+11   1.103E+09   2.289E+01   1.311E-01   1.189E-10   6.413E+08   5.287E+08   1.226E+07   1.249E+08   1.315E+00   1.707E+00   7.029E-01   3.972E+00
    151           57       1   4.457E+11   2.918E+09   4.557E+01   1.014E+00   3.473E-10   2.369E+09   1.939E+09   2.748E+08   7.048E+08   1.072E+00   1.294E+00   1.802E+01   1.875E+01
    152           58       1   5.155E+11   1.089E+10   1.535E+02   7.303E-01   6.706E-11   6.218E+09   5.458E+09   4.476E+07   8.043E+08   4.297E+00   3.060E+00   1.169E+00   6.181E-01
    153           59       1   5.204E+11   1.119E+10   2.732E+02   3.738E-01   3.339E-11   1.244E+09   8.897E+08   3.957E+07   3.937E+08   4.378E+00   3.581E+00   1.242E+01   1.800E+00
    154           60       1   6.389E+11   1.032E+10   4.090E+02   1.897E-02   1.839E-12   2.898E+08   2.504E+08   7.215E+05   4.010E+07   2.142E+00   2.366E+00   1.008E+00   6.091E-02
    155           61       1   3.904E+11   4.850E+09   3.585E+02   9.255E-01   1.908E-10   1.568E+09   1.337E+09   3.023E+08   5.331E+08   1.181E+00   1.286E+00   1.168E+02   7.113E+01
    156           62       1   4.508E+11   7.742E+09   1.723E+02   6.294E-01   8.130E-11   7.454E+09   6.787E+09   5.600E+07   7.226E+08   4.545E+00   3.009E+00   1.068E+01   3.479E-01
    157           63       1   3.836E+11   6.619E+09   1.104E+02   9.050E-01   1.367E-10   3.538E+09   2.817E+09   1.332E+08   8.538E+08   2.960E+00   2.663E+00   1.185E+01   8.568E+00
    158           64       1   4.846E+11   1.050E+10   2.544E+02   1.113E+00   1.059E-10   2.452E+09   1.570E+09   1.380E+08   1.019E+09   3.070E+00   2.667E+00   3.027E+00   4.006E+00
    159           65       1   5.320E+11   1.093E+10   1.101E+02   4.517E-01   4.134E-11   8.592E+09   7.785E+09   2.829E+07   8.345E+08   4.972E+00   3.457E+00   9.564E-01   3.093E-01
    160           66       1   4.844E+11   1.171E+10   2.252E+02   8.100E-01   6.916E-11   1.373E+09   8.755E+08   1.877E+08   6.850E+08   3.878E+00   3.497E+00   2.334E+01   1.367E+01
    161           67       1   4.628E+11   7.685E+09   5.969E+02   5.367E-01   6.984E-11   2.059E+09   1.720E+09   1.161E+08   4.552E+08   3.238E+00   2.832E+00   2.872E+01   1.013E+01
    162           68       1   3.042E+11   3.941E+09   5.417E+01   2.979E-01   7.560E-11   7.811E+08   5.272E+08   2.017E+07   2.741E+08   2.438E+00   2.460E+00   1.390E-01   1.251E+00
    163           68       0   3.042E+11   1.061E+09   1.002E+01   2.495E-01   2.352E-10   1.531E+09   1.409E+09   2.541E+07   1.470E+08   6.643E-01   1.280E+00   1.248E-01   6.837E-01
    164           69       1   5.064E+11   1.005E+10   6.523E+01   7.767E-01   7.728E-11   1.929E+09   1.146E+09   6.197E+07   8.451E+08   3.453E+00   2.885E+00   1.094E+00   1.657E+00
    165           70       1   4.287E+11   8.739E+09   2.744E+02   3.198E-01   3.659E-11   2.817E+09   2.470E+09   2.819E+07   3.750E+08   4.203E+00   3.647E+00   5.515E+00   1.093E+00
    166           71       1   4.367E+11   7.849E+09   2.281E+02   8.291E-01   1.056E-10   4.583E+09   3.999E+09   1.582E+08   7.418E+08   4.289E+00   3.393E+00   7.792E+01   2.943E+00
    167           72       1   4.585E+11   7.358E+09   4.618E+01   7.042E-01   9.571E-11   4.348E+09   3.628E+09   4.071E+07   7.609E+08   2.705E+00   2.562E+00   2.227E-01   1.431E+00
    168           73       1   2.278E+11   2.024E+09   5.531E+01   2.838E-01   1.402E-10   1.447E+09   1.212E+09   3.084E+07   2.654E+08   1.623E+00   1.826E+00   2.546E+00   5.738E+00
    169           73       0   2.278E+11   1.884E+09   7.274E+01   7.111E-02   3.775E-11   1.166E+08   5.851E+07   1.404E+07   7.216E+07   2.669E+00   2.945E+00   2.934E+00   9.018E+00
    170           74       1   4.564E+11   7.811E+09   1.047E+02   3.220E-01   4.122E-11   4.949E+09   4.481E+09   1.796E+07   4.868E+08   4.670E+00   3.433E+00   1.450E+00   4.588E-01
    171           75       1   4.349E+11   5.973E+09   8.501E+01   2.455E-01   4.109E-11   3.003E+09   2.750E+09   1.455E+07   2.674E+08   1.642E+00   2.068E+00   4.091E-01   9.001E-01
    172           76       1   4.562E+11   7.083E+09   5.894E+01   3.143E-01   4.437E-11   3.787E+09   3.348E+09   1.228E+07   4.504E+08   4.289E+00   2.897E+00   5.097E-01   3.605E-01
    173           77       1   4.271E+11   6.476E+09   9.223E+01   5.725E-01   8.839E-11   4.428E+09   3.879E+09   3.274E+07   5.811E+08   3.344E+00   2.808E+00   2.396E-01   9.020E-01
    174           78       1   3.630E+11   4.412E+09   9.898E+01   7.086E-01   1.606E-10   2.386E+09   1.868E+09   1.215E+08   6.391E+08   2.056E+00   2.196E+00   8.257E+00   1.326E+01
    175           79       1   4.396E+11   4.333E+09   2.432E+01   4.690E-01   1.082E-10   2.517E+09   2.100E+09   2.231E+07   4.387E+08   2.392E+00   2.337E+00   9.866E-02   6.868E-01
    176           79       0   4.396E+11   1.126E+09   1.238E+01   1.839E-01   1.633E-10   1.204E+09   1.071E+09   1.462E+07   1.470E+08   1.041E+00   1.414E+00   1.698E+00   1.251E+00
    177           80       1   3.954E+11   9.091E+09   2.212E+02   5.344E-01   5.878E-11   9.474E+08   5.185E+08   8.981E+07   5.188E+08   2.229E+00   2.339E+00   1.987E+00   6.395E+00
    178           81       1   3.716E+11   5.139E+09   2.268E+01   6.792E-01   1.322E-10   4.504E+09   3.936E+09   3.904E+07   6.069E+08   2.865E+00   2.298E+00   3.684E-02   3.903E-01
    179           82       1   3.936E+11   6.263E+09   4.984E+01   3.274E-01   5.227E-11   2.515E+09   2.144E+09   1.029E+07   3.815E+08   3.128E+00   2.812E+00   6.072E-02   5.284E-01
    180           83       1   2.834E+11   2.000E+09   1.478E+01   6.274E-01   3.137E-10   4.781E+09   4.422E+09   7.907E+07   4.388E+08   1.316E+00   1.430E+00   4.335E+00   2.086E+00
    181           84       1   2.613E+11   3.744E+09   7.260E+01   6.174E-01   1.649E-10   2.238E+09   1.777E+09   8.515E+07   5.463E+08   1.953E+00   2.003E+00   3.191E+00   7.520E+00
    182           85       1   3.250E+11   1.043E+09   9.951E+00   1.851E-01   1.775E-10   3.922E+09   3.764E+09   1.147E+07   1.693E+08   1.105E+00   1.393E+00   1.144E-01   3.594E-01
    183           86       1   3.639E+11   1.010E+10   6.942E+02   5.386E-01   5.332E-11   1.711E+09   1.328E+09   6.518E+07   4.486E+08   4.243E+00   2.932E+00   3.860E+01   1.631E+00
    184           87       1   3.829E+11   6.395E+09   3.443E+02   2.604E-01   4.072E-11   2.194E+09   1.944E+09   2.395E+07   2.747E+08   4.362E+00   3.012E+00   1.268E+01   3.271E-01
    185           88       1   3.686E+11   6.463E+09   1.065E+02   3.422E-01   5.295E-11   2.766E+09   2.388E+09   1.856E+07   3.968E+08   4.216E+00   3.408E+00   8.487E-01   1.004E+00
    186           89       1   2.905E+11   2.356E+09   1.282E+01   3.210E-01   1.363E-10   7.533E+09   7.201E+09   2.739E+07   3.594E+08   2.039E+00   1.685E+00   1.581E+00   2.039E-01
    187           90       1   3.205E+11   3.161E+09   1.131E+01   3.783E-01   1.197E-10   5.104E+09   4.737E+09   2.643E+07   3.928E+08   1.909E+00   1.830E+00   1.653E+00   4.322E-01
    188           91       1   3.155E+11   5.222E+09   1.385E+02   7.242E-01   1.387E-10   1.810E+09   1.423E+09   2.162E+08   6.032E+08   2.393E+00   2.352E+00   3.560E+01   3.809E+01
    189           92       1   3.039E+11   3.849E+09   2.464E+01   6.042E-01   1.570E-10   6.771E+09   6.285E+09   2.948E+07   5.152E+08   1.830E+00   2.083E+00   2.014E-02   3.532E-01
    190           93       0   1.646E+11   1.223E+09   4.169E+01   1.336E-01   1.093E-10   4.314E+08   3.440E+08   1.313E+07   1.006E+08   1.373E+00   1.845E+00   5.928E-01   2.939E+00
    191           94       1   3.364E+11   1.661E+09   1.422E+01   4.964E-01   2.989E-10   1.942E+09   1.737E+09   9.222E+07   2.974E+08   6.820E-01   1.078E+00   2.815E+00   1.712E+00
    192           95       1   2.725E+11   2.397E+09   1.802E+01   4.846E-01   2.022E-10   4.177E+09   3.809E+09   4.776E+07   4.165E+08   1.582E+00   1.700E+00   1.398E+00   2.247E+00
    193           96       1   3.582E+11   6.998E+09   5.264E+01   4.224E-01   6.035E-11   2.199E+09   1.738E+09   2.278E+07   4.833E+08   3.501E+00   3.034E+00   6.447E-01   1.588E+00
    194           97       1   3.286E+11   1.925E+09   3.515E+01   7.408E-01   3.849E-10   4.352E+09   4.116E+09   1.234E+08   3.594E+08   1.127E+00   1.619E+00   4.920E+00   1.753E+00
    195           98       1   3.035E+11   5.372E+09   1.073E+02   6.766E-01   1.260E-10   2.222E+09   1.690E+09   7.820E+07   6.108E+08   2.781E+00   2.655E+00   5.948E+00   2.745E+00
    196           99       1   3.173E+11   6.386E+09   4.589E+02   1.071E-01   1.677E-11   1.905E+09   1.782E+09   8.786E+06   1.312E+08   2.985E+00   2.571E+00   2.123E+00   8.250E-01
    197          100       1   2.932E+11   3.363E+09   3.098E+01   7.951E-01   2.364E-10   3.691E+09   3.176E+09   1.003E+08   6.152E+08   1.899E+00   1.915E+00   1.671E+01   2.084E+00
    198          101       1   2.887E+11   3.511E+09   1.530E+01   6.078E-01   1.731E-10   5.863E+09   5.392E+09   2.786E+07   4.995E+08   1.625E+00   1.810E+00   2.572E-02   3.333E-01
    199          102       1   2.888E+11   4.592E+09   9.154E+01   7.246E-01   1.578E-10   3.835E+09   3.344E+09   7.934E+07   5.703E+08   2.861E+00   2.406E+00   8.469E+00   1.424E+00
    200          103       1   3.070E+11   6.838E+09   1.024E+02   5.235E-01   7.656E-11   1.085E+09   6.163E+08   5.202E+07   5.209E+08   2.474E+00   2.612E+00   6.684E-01   2.586E+00
    201          104       1   1.802E+11   1.577E+09   1.997E+01   1.928E-01   1.222E-10   3.249E+09   3.100E+09   1.205E+07   1.607E+08   1.336E+00   1.555E+00   4.644E-02   1.813E-01
    202          106       1   2.443E+11   2.401E+09   1.306E+01   4.751E-01   1.979E-10   5.312E+09   4.982E+09   5.352E+07   3.837E+08   1.685E+00   1.570E+00   2.373E+01   3.267E-01
    203          107       1   1.587E+11   1.085E+09   2.794E+01   2.897E-01   2.669E-10   1.443E+09   1.323E+09   3.994E+07   1.599E+08   7.097E-01   1.105E+00   2.403E+00   3.576E+00
    204          108       1   2.579E+11   2.028E+09   2.782E+01   2.642E-01   1.303E-10   4.329E+09   4.093E+09   1.457E+07   2.503E+08   1.338E+00   1.745E+00   1.499E-01   5.014E-01
    205          109       1   2.246E+11   2.107E+09   5.107E+01   2.880E-01   1.367E-10   4.847E+09   4.635E+09   4.548E+07   2.573E+08   1.826E+00   1.802E+00   1.353E+01   6.222E-01
    206          110       1   2.753E+11   4.230E+09   2.178E+02   2.423E-01   5.728E-11   1.078E+09   8.982E+08   3.967E+07   2.195E+08   3.736E+00   3.231E+00   5.041E+01   1.421E+00
    207          112       0   1.357E+11   1.078E+09   2.772E+01   5.660E-02   5.250E-11   6.252E+08   5.678E+08   3.105E+06   6.051E+07   1.673E+00   2.094E+00   2.833E-01   1.368E+00
    208          113       1   2.389E+11   1.654E+09   1.210E+01   1.150E-01   6.952E-11   6.240E+09   6.055E+09   4.310E+06   1.886E+08   1.667E+00   1.561E+00   1.827E-03   7.863E-02
    209          114       1   2.708E+11   4.666E+09   1.217E+02   3.590E-01   7.693E-11   1.007E+09   7.032E+08   4.335E+07   3.474E+08   2.720E+00   2.678E+00   2.520E+00   4.110E+00
    210          115       1   2.577E+11   2.783E+09   9.659E+00   5.169E-01   1.857E-10   2.303E+09   1.922E+09   2.494E+07   4.060E+08   1.208E+00   1.688E+00   3.905E-02   5.997E-01
    211          116       1   2.214E+11   2.879E+09   1.340E+01   3.419E-01   1.188E-10   2.537E+09   2.235E+09   1.538E+07   3.181E+08   1.525E+00   1.895E+00   8.519E-02   8.196E-01
    212          117       1   2.663E+11   3.952E+09   1.458E+01   4.674E-01   1.183E-10   1.704E+09   1.306E+09   3.357E+07   4.309E+08   1.777E+00   2.072E+00   2.760E-01   1.208E+00
    213          118       1   1.635E+11   1.443E+09   2.486E+01   1.392E-01   9.640E-11   9.163E+08   7.997E+08   1.989E+07   1.365E+08   1.733E+00   1.836E+00   1.350E+01   1.877E+00
    214          119       1   1.928E+11   1.599E+09   1.417E+01   2.447E-01   1.531E-10   3.838E+09   3.632E+09   1.865E+07   2.244E+08   1.542E+00   1.646E+00   5.840E-01   6.980E-01
    215          120       1   2.088E+11   3.538E+09   3.945E+01   4.883E-01   1.380E-10   1.406E+09   1.029E+09   4.315E+07   4.208E+08   2.009E+00   2.117E+00   2.790E-01   2.074E+00
    216          121       1   2.171E+11   2.731E+09   2.396E+01   3.006E-01   1.101E-10   3.094E+09   2.815E+09   1.442E+07   2.938E+08   2.220E+00   2.136E+00   1.391E-01   4.780E-01
    217          122       1   2.442E+11   2.309E+09   7.885E+01   2.855E-01   1.236E-10   2.079E+09   1.858E+09   3.108E+07   2.522E+08   2.505E+00   2.309E+00   1.261E+01   1.928E+00
    218          124       1   2.194E+11   2.296E+09   5.001E+01   2.548E-01   1.110E-10   2.491E+09   2.250E+09   1.722E+07   2.575E+08   2.414E+00   2.338E+00   1.131E+00   8.831E-01
    219          126       1   2.290E+11   2.830E+09   1.097E+02   3.887E-01   1.374E-10   5.004E+08   3.081E+08   1.163E+08   3.087E+08   2.151E+00   2.215E+00   5.821E+01   3.222E+01
    220          129       1   1.981E+11   1.452E+09   3.595E+01   1.047E-01   7.213E-11   2.387E+09   2.277E+09   1.174E+07   1.217E+08   1.788E+00   2.016E+00   1.434E+00   3.659E+00
    221          130       1   2.223E+11   2.068E+09   5.979E+01   1.545E-01   7.474E-11   1.665E+09   1.510E+09   2.135E+07   1.761E+08   2.123E+00   2.213E+00   3.142E+00   6.358E+00
    222          131       1   2.027E+11   2.013E+09   3.676E+01   1.598E-01   7.938E-11   1.718E+09   1.552E+09   1.791E+07   1.831E+08   1.869E+00   2.085E+00   1.607E+00   2.570E+00
    223          132       1   1.983E+11   2.725E+09   3.278E+01   2.047E-01   7.512E-11   1.496E+09   1.297E+09   9.520E+06   2.081E+08   2.371E+00   2.265E+00   3.247E-01   5.493E-01
    224          133       1   2.105E+11   2.564E+09   1.107E+01   1.219E-01   4.755E-11   1.454E+09   1.299E+09   2.584E+06   1.574E+08   1.729E+00   2.048E+00   4.164E-03   1.829E-01
    225          134       1   1.858E+11   2.034E+09   5.355E+01   2.195E-01   1.079E-10   4.700E+08   2.861E+08   2.897E+07   2.129E+08   1.847E+00   2.318E+00   1.273E+00   6.719E+00
    226          135       1   2.072E+11   2.472E+09   7.809E+01   1.106E-01   4.472E-11   2.789E+09   2.637E+09   8.163E+06   1.596E+08   2.337E+00   2.132E+00   1.547E+00   1.827E-01
    227          139       1   1.631E+11   1.002E+09   1.450E+01   1.173E-01   1.170E-10   2.381E+09   2.263E+09   6.171E+06   1.238E+08   1.458E+00   1.527E+00   1.295E-01   1.448E-01
    228          140       1   1.957E+11   1.486E+09   9.346E+00   1.854E-01   1.248E-10   1.779E+09   1.625E+09   7.541E+06   1.615E+08   1.696E+00   1.843E+00   1.888E-02   2.849E-01
    229          141       1   1.974E+11   1.891E+09   4.787E+01   3.273E-01   1.731E-10   1.251E+09   1.049E+09   3.507E+07   2.376E+08   1.967E+00   1.985E+00   1.213E+01   7.323E-01
    230          142       1   1.690E+11   1.158E+09   2.719E+01   8.783E-02   7.586E-11   3.175E+09   3.065E+09   7.657E+06   1.173E+08   1.715E+00   1.786E+00   6.929E-01   3.449E-01
    231          144       1   1.676E+11   1.719E+09   1.943E+01   1.542E-01   8.974E-11   4.782E+09   4.586E+09   8.843E+06   2.053E+08   2.092E+00   1.563E+00   1.161E+00   1.325E-01
    232          145       1   2.034E+11   1.448E+09   8.762E+00   1.024E-01   7.072E-11   5.957E+08   4.890E+08   2.160E+06   1.089E+08   2.054E+00   2.245E+00   5.982E-03   2.776E-01
    233          146       1   1.657E+11   1.043E+09   4.315E+00   1.958E-01   1.876E-10   2.678E+09   2.548E+09   9.492E+06   1.393E+08   8.118E-01   1.174E+00   1.412E-02   1.785E-01
    234          147       1   1.399E+11   1.481E+09   2.231E+01   2.542E-01   1.716E-10   2.399E+09   2.226E+09   2.286E+07   1.958E+08   1.259E+00   1.508E+00   1.243E+00   1.083E+00
    235          149       1   1.791E+11   1.602E+09   3.866E+01   1.563E-01   9.755E-11   1.214E+09   1.090E+09   2.989E+07   1.531E+08   1.964E+00   1.967E+00   1.989E+01   5.971E+00
    236          150       1   1.408E+11   1.878E+09   6.982E+01   3.553E-01   1.892E-10   1.436E+09   1.247E+09   8.571E+07   2.754E+08   1.332E+00   1.457E+00   1.259E+01   1.808E+01
    237          151       1   1.495E+11   1.304E+09   3.065E+01   1.903E-01   1.459E-10   3.613E+08   2.362E+08   3.324E+07   1.583E+08   1.230E+00   1.517E+00   2.861E+00   9.275E+00
    238          153       1   1.455E+11   1.215E+09   7.567E+00   1.699E-01   1.398E-10   2.293E+09   2.150E+09   6.465E+06   1.490E+08   9.827E-01   1.390E+00   1.817E-02   2.018E-01
    239          154       1   1.558E+11   1.312E+09   1.732E+01   1.574E-01   1.200E-10   1.807E+09   1.660E+09   6.016E+06   1.525E+08   1.660E+00   1.830E+00   5.344E-02   4.011E-01
    240          155       1   1.797E+11   2.128E+09   7.316E+01   2.141E-01   1.006E-10   4.009E+08   2.446E+08   4.254E+07   1.989E+08   2.258E+00   2.321E+00   1.084E+01   1.211E+01
    241          159       1   1.759E+11   1.934E+09   9.655E+01   7.258E-02   3.752E-11   3.322E+08   2.580E+08   1.183E+07   8.602E+07   2.840E+00   2.967E+00   5.575E+00   9.451E+00
    242          160       1   1.416E+11   1.011E+09   3.589E+00   6.502E-02   6.430E-11   2.443E+09   2.341E+09   1.780E+06   1.041E+08   1.185E+00   1.289E+00   1.098E-02   8.524E-02
    243          161       1   1.644E+11   1.409E+09   2.589E+01   1.859E-01   1.319E-10   5.754E+08   4.392E+08   2.923E+07   1.654E+08   1.432E+00   1.669E+00   5.176E+00   7.853E+00
    244          162       1   1.543E+11   1.565E+09   1.913E+01   1.058E-01   6.760E-11   3.576E+08   2.591E+08   1.410E+07   1.126E+08   2.173E+00   2.349E+00   3.070E+00   5.525E+00
    245          165       1   1.524E+11   1.115E+09   1.652E+01   6.091E-02   5.465E-11   1.119E+09   1.044E+09   1.900E+06   7.760E+07   2.030E+00   1.957E+00   4.259E-02   1.758E-01
    246          166       1   1.360E+11   2.000E+09   5.398E+01   2.160E-01   1.080E-10   2.982E+09   2.790E+09   1.797E+07   2.103E+08   1.816E+00   1.872E+00   9.525E-01   1.296E+00
    247          168       1   1.493E+11   1.569E+09   5.316E+01   1.642E-01   1.046E-10   8.722E+08   7.470E+08   1.656E+07   1.418E+08   2.171E+00   2.122E+00   5.272E+00   2.008E+00
    248          174       1   1.454E+11   1.623E+09   5.777E+01   3.176E-01   1.957E-10   2.644E+08   1.587E+08   1.172E+08   2.228E+08   1.770E+00   1.797E+00   7.325E+01   6.695E+01
    249          176       1   1.492E+11   1.630E+09   2.751E+01   8.824E-02   5.413E-11   2.893E+08   2.052E+08   6.974E+06   9.107E+07   1.811E+00   2.148E+00   3.361E-01   3.585E+00
    250          178       1   1.392E+11   1.113E+09   1.625E+01   2.102E-01   1.889E-10   6.361E+08   4.990E+08   1.576E+07   1.529E+08   1.107E+00   1.608E+00   2.552E-01   1.333E+00
    251          179       1   1.349E+11   1.065E+09   2.125E+01   2.226E-01   2.089E-10   8.597E+08   7.206E+08   4.003E+07   1.791E+08   1.430E+00   1.479E+00   1.091E+01   1.130E+01
    252          180       1   1.182E+11   1.814E+09   1.086E+01   2.442E-01   1.347E-10   1.440E+09   1.262E+09   1.006E+07   1.878E+08   1.159E+00   1.632E+00   3.518E-02   4.330E-01
    253          185       1   1.269E+11   1.003E+09   3.258E+01   6.768E-02   6.750E-11   2.473E+09   2.389E+09   5.006E+06   8.966E+07   1.373E+00   1.533E+00   5.427E-01   2.075E-01
    254          188       1   1.145E+11   1.172E+09   1.105E+01   9.062E-02   7.733E-11   7.755E+08   6.890E+08   4.691E+06   9.118E+07   1.591E+00   1.818E+00   4.308E-01   7.647E-01
    255          191       1   1.267E+11   1.177E+09   1.953E+01   7.093E-02   6.027E-11   5.406E+08   4.630E+08   2.448E+06   8.007E+07   2.001E+00   2.161E+00   1.633E-01   3.745E-01
    256          192       1   1.325E+11   1.295E+09   2.742E+01   7.825E-02   6.044E-11   3.934E+08   3.250E+08   2.946E+06   7.130E+07   1.574E+00   2.129E+00   5.135E-02   7.268E-01
    257          195       1   1.224E+11   1.362E+09   2.240E+01   1.222E-01   8.971E-11   1.319E+09   1.209E+09   1.677E+07   1.266E+08   1.411E+00   1.576E+00   3.044E+00   1.965E+00
    258          216       1   1.084E+11   1.206E+09   3.110E+01   2.384E-02   1.977E-11   1.332E+08   1.063E+08   1.224E+06   2.805E+07   2.139E+00   2.431E+00   1.220E-01   1.495E+00
    259          217       1   1.232E+11   1.138E+09   4.759E+01   1.831E-02   1.609E-11   1.912E+07   3.154E+06   3.542E+06   1.950E+07   4.317E+00   4.220E+00   4.636E+00   1.440E+01
    260          221       1   1.042E+11   1.105E+09   3.396E+01   5.129E-02   4.644E-11   4.499E+08   3.993E+08   9.355E+06   5.992E+07   2.107E+00   2.225E+00   2.854E+00   6.355E+00
    261          222       1   1.098E+11   1.071E+09   7.994E+00   1.219E-01   1.138E-10   3.530E+08   2.570E+08   6.717E+06   1.027E+08   1.650E+00   1.921E+00   2.487E-01   1.298E+00
    262          230       1   9.802E+10   1.182E+09   1.380E+01   1.413E-01   1.196E-10   7.036E+08   6.043E+08   6.681E+06   1.059E+08   1.297E+00   1.607E+00   5.334E-02   6.518E-01
    263          352       1   6.504E+10   1.207E+09   2.732E+01   3.389E-02   2.807E-11   3.944E+07   5.793E+06   5.669E+06   3.931E+07   3.864E+00   3.862E+00   2.964E+00   1.000E+01
