# Eagle run L0025N0752/RECALIBRATED snapshot_015_z002p012
# number of galaxies = 120
# SubIndex; GroupNumber; IsCentral; M200 of host [Msun]; M*,30pkpc [Msun]; Sigma_*,r1/2 [Msun ppc^-2]; SFR [Msun yr^-1]; sSFR [yr^-1];
#    M_HI_BR06 [Msun]; M_HI_GK11 [Msun]; M_H2_BR06 [Msun]; M_H2_GK11 [Msun]; MMW ZH2_BR06_rhalf [Zsun]; MMW ZH2_GK11_rhalf [Zsun]; SigmaH2_BR06,r1/2 [Msun ppc^-2]; SigmaH2_GK11,r1/2 [Msun ppc^-2]
      0            0       1   2.766E+12   3.130E+10   3.569E+04   4.811E+01   1.537E-09   1.301E+10   1.241E+10   6.305E+09   6.897E+09   3.182E+00   3.104E+00   1.117E+04   8.443E+03
      1            0       0   2.766E+12   1.089E+10   2.564E+03   1.603E+01   1.472E-09   5.570E+09   4.898E+09   4.523E+09   5.195E+09   1.843E+00   1.793E+00   1.013E+03   7.868E+02
      2            0       0   2.766E+12   1.144E+09   3.414E+01   5.073E-01   4.435E-10   5.931E+08   4.653E+08   9.856E+07   2.264E+08   9.158E-01   1.008E+00   2.513E+01   2.219E+01
      3            1       1   1.915E+12   2.669E+10   1.232E+04   2.417E+01   9.057E-10   9.992E+09   9.861E+09   6.158E+09   6.290E+09   2.850E+00   2.828E+00   1.251E+03   1.233E+03
      4            2       1   1.774E+12   1.355E+10   6.571E+02   5.816E+00   4.292E-10   1.196E+10   1.214E+10   2.010E+09   1.827E+09   7.216E-01   9.247E-01   2.342E+01   4.308E+01
      5            2       0   1.774E+12   1.495E+09   5.114E+01   2.744E+00   1.836E-09   3.421E+09   3.366E+09   7.220E+08   7.772E+08   4.554E-01   5.747E-01   3.384E+01   2.942E+01
      6            3       1   5.343E+11   8.087E+09   4.391E+03   1.015E+01   1.256E-09   3.789E+09   3.474E+09   2.968E+09   3.283E+09   2.163E+00   2.134E+00   1.079E+03   9.957E+02
      7            3       0   5.343E+11   8.769E+09   6.681E+03   3.142E-01   3.584E-11   1.060E+09   1.061E+09   6.330E+07   6.246E+07   1.566E+00   2.192E+00   2.987E-01   1.640E+01
      8            3       0   5.343E+11   3.557E+09   1.036E+02   3.184E+00   8.951E-10   5.105E+09   4.609E+09   7.360E+08   1.233E+09   7.939E-01   9.722E-01   1.696E+01   2.417E+01
      9            3       0   5.343E+11   1.050E+09   2.750E+01   9.472E-01   9.025E-10   2.252E+09   2.169E+09   1.555E+08   2.384E+08   4.657E-01   7.049E-01   2.244E+00   3.168E+00
     10            4       1   7.236E+11   1.145E+10   9.479E+02   9.507E+00   8.303E-10   1.064E+10   9.603E+09   3.139E+09   4.181E+09   2.202E+00   2.137E+00   1.196E+02   1.302E+02
     11            4       0   7.236E+11   3.406E+09   1.184E+02   3.362E+00   9.870E-10   4.790E+09   4.365E+09   7.564E+08   1.181E+09   9.075E-01   1.117E+00   5.790E+00   1.369E+01
     12            4       0   7.236E+11   3.371E+09   2.039E+02   2.467E+00   7.319E-10   2.592E+09   2.220E+09   7.653E+08   1.137E+09   1.082E+00   1.231E+00   3.172E+01   4.237E+01
     13            5       1   1.469E+12   1.233E+10   2.385E+03   1.835E+01   1.489E-09   1.461E+10   1.399E+10   5.237E+09   5.848E+09   2.084E+00   2.028E+00   6.734E+02   5.580E+02
     14            5       0   1.469E+12   4.686E+09   1.869E+02   3.295E+00   7.031E-10   3.862E+09   3.227E+09   9.125E+08   1.547E+09   1.206E+00   1.284E+00   2.937E+01   3.599E+01
     15            6       1   1.546E+12   1.333E+10   2.075E+03   1.934E+01   1.451E-09   1.790E+10   1.701E+10   5.023E+09   5.907E+09   2.264E+00   2.106E+00   1.015E+03   7.235E+02
     16            6       0   1.546E+12   1.443E+09   1.258E+02   1.575E+00   1.091E-09   8.246E+08   5.106E+08   5.441E+08   8.580E+08   9.735E-01   1.022E+00   5.772E+01   6.498E+01
     17            7       1   1.178E+12   1.211E+10   8.461E+02   8.486E+00   7.009E-10   5.005E+09   4.529E+09   2.476E+09   2.953E+09   1.329E+00   1.328E+00   6.003E+02   5.328E+02
     18            7       0   1.178E+12   1.165E+10   4.018E+03   8.224E+00   7.062E-10   7.416E+09   6.475E+09   2.513E+09   3.454E+09   2.149E+00   1.999E+00   1.218E+02   8.933E+01
     19            8       1   1.584E+12   1.430E+10   9.379E+03   3.398E+00   2.377E-10   1.272E+10   1.278E+10   8.667E+08   8.089E+08   3.934E-01   8.834E-01   2.868E-01   4.864E-01
     20            9       1   1.162E+12   1.771E+10   5.061E+03   1.504E+01   8.493E-10   7.667E+09   7.624E+09   4.305E+09   4.349E+09   2.673E+00   2.682E+00   9.390E+02   9.463E+02
     21           10       1   1.361E+12   1.230E+10   1.914E+03   1.371E+01   1.115E-09   6.645E+09   6.198E+09   3.626E+09   4.073E+09   2.184E+00   2.168E+00   1.125E+03   1.140E+03
     22           10       0   1.361E+12   9.320E+09   4.498E+03   1.712E+01   1.837E-09   8.479E+08   6.911E+08   3.982E+09   4.139E+09   2.422E+00   2.408E+00   2.964E+03   2.932E+03
     23           11       1   1.177E+12   1.353E+10   8.217E+03   3.704E+00   2.738E-10   5.919E+09   5.673E+09   1.381E+09   1.627E+09   1.201E+00   1.238E+00   1.872E+02   1.868E+02
     24           12       1   1.176E+12   2.118E+10   1.140E+04   2.825E+01   1.336E-09   1.012E+10   9.818E+09   7.390E+09   7.694E+09   2.662E+00   2.635E+00   1.271E+03   1.261E+03
     25           13       1   6.600E+11   9.346E+09   2.410E+03   8.955E+00   9.582E-10   5.228E+09   4.622E+09   2.550E+09   3.155E+09   2.533E+00   2.425E+00   6.683E+02   4.835E+02
     26           13       0   6.600E+11   1.670E+09   6.350E+01   2.048E+00   1.226E-09   3.811E+09   3.570E+09   4.698E+08   7.110E+08   7.135E-01   8.970E-01   9.977E+00   1.445E+01
     27           14       1   1.008E+12   1.167E+10   8.286E+02   8.293E+00   7.104E-10   1.362E+10   1.254E+10   2.565E+09   3.637E+09   1.889E+00   1.854E+00   5.369E+01   6.087E+01
     28           15       1   8.537E+11   1.405E+10   9.877E+03   7.832E+00   5.574E-10   8.267E+09   7.705E+09   2.297E+09   2.859E+09   2.598E+00   2.450E+00   6.834E+01   7.023E+01
     29           16       1   6.168E+11   2.604E+09   4.579E+01   2.490E+00   9.561E-10   5.823E+09   5.567E+09   5.966E+08   8.529E+08   7.648E-01   8.292E-01   2.591E+01   2.552E+01
     30           16       0   6.168E+11   1.238E+09   4.002E+01   1.249E+00   1.009E-09   2.512E+09   2.380E+09   2.446E+08   3.764E+08   7.761E-01   9.012E-01   1.225E+01   1.456E+01
     31           16       0   6.168E+11   1.538E+09   7.046E+01   6.012E-01   3.910E-10   8.438E+08   6.676E+08   9.577E+07   2.720E+08   9.339E-01   1.092E+00   1.122E+01   1.479E+01
     32           17       1   8.413E+11   1.197E+10   1.146E+03   7.782E+00   6.500E-10   1.068E+10   9.432E+09   2.415E+09   3.667E+09   1.904E+00   1.890E+00   4.534E+01   4.909E+01
     33           18       1   7.571E+11   2.453E+09   2.736E+01   4.878E+00   1.988E-09   1.068E+10   1.060E+10   1.385E+09   1.472E+09   5.525E-01   6.324E-01   4.869E+01   5.432E+01
     34           19       1   8.531E+11   6.820E+09   2.228E+03   2.631E+00   3.858E-10   6.536E+09   6.424E+09   6.723E+08   7.845E+08   6.136E-01   8.389E-01   1.875E+01   1.867E+01
     35           20       1   5.521E+11   3.110E+09   3.814E+01   3.879E+00   1.247E-09   6.844E+09   6.630E+09   9.164E+08   1.130E+09   4.806E-01   6.856E-01   9.239E+00   1.073E+01
     36           21       1   4.947E+11   3.483E+09   1.419E+02   7.259E+00   2.084E-09   7.171E+09   7.098E+09   2.345E+09   2.418E+09   6.734E-01   7.576E-01   1.037E+02   1.089E+02
     37           22       1   6.419E+11   4.735E+09   2.000E+02   4.627E+00   9.770E-10   7.220E+09   6.571E+09   1.280E+09   1.929E+09   1.118E+00   1.154E+00   5.387E+01   5.853E+01
     38           22       0   6.419E+11   1.378E+09   6.276E+01   1.092E+00   7.928E-10   1.112E+09   9.577E+08   2.914E+08   4.459E+08   6.861E-01   8.624E-01   1.454E+01   1.892E+01
     39           23       1   6.272E+11   3.961E+09   1.934E+02   4.500E+00   1.136E-09   8.318E+09   8.042E+09   1.312E+09   1.588E+09   9.305E-01   1.057E+00   6.537E+01   7.371E+01
     40           24       1   6.121E+11   2.035E+10   2.235E+04   8.468E+00   4.177E-10   4.359E+09   3.446E+09   2.384E+09   3.297E+09   4.261E+00   3.551E+00   1.042E+02   7.350E+01
     41           25       1   5.472E+11   1.904E+09   4.113E+01   2.385E+00   1.253E-09   7.263E+09   7.120E+09   4.618E+08   6.045E+08   5.096E-01   8.024E-01   3.343E+00   6.810E+00
     42           26       1   5.720E+11   5.600E+09   2.301E+02   5.790E+00   1.034E-09   5.635E+09   4.889E+09   1.596E+09   2.342E+09   1.164E+00   1.180E+00   2.243E+02   1.222E+02
     43           27       1   5.275E+11   5.982E+09   1.838E+02   4.642E+00   7.760E-10   6.622E+09   5.723E+09   1.164E+09   2.063E+09   1.167E+00   1.245E+00   3.007E+01   3.811E+01
     44           28       1   5.548E+11   7.655E+09   2.711E+03   1.469E+01   1.919E-09   4.110E+09   4.087E+09   3.849E+09   3.872E+09   1.749E+00   1.751E+00   2.006E+03   2.018E+03
     45           30       1   5.051E+11   2.017E+09   4.538E+01   3.831E+00   1.899E-09   8.130E+09   8.165E+09   1.061E+09   1.026E+09   4.779E-01   6.223E-01   2.231E+01   2.562E+01
     46           31       1   4.871E+11   3.479E+09   3.413E+01   3.745E+00   1.076E-09   6.179E+09   5.744E+09   8.144E+08   1.249E+09   7.097E-01   8.410E-01   2.536E+01   1.727E+01
     47           32       0   1.773E+11   1.606E+09   5.777E+01   1.474E+00   9.175E-10   2.003E+09   1.831E+09   3.556E+08   5.275E+08   5.380E-01   7.442E-01   9.026E+00   1.194E+01
     48           33       1   5.422E+11   8.478E+09   1.125E+03   4.352E+00   5.134E-10   3.825E+09   3.180E+09   1.564E+09   2.208E+09   1.096E+00   1.223E+00   4.774E+01   5.916E+01
     49           34       1   5.064E+11   2.609E+09   1.122E+02   1.524E+00   5.842E-10   4.162E+09   3.894E+09   2.929E+08   5.613E+08   9.580E-01   1.104E+00   3.176E+01   1.604E+01
     50           35       1   4.577E+11   8.047E+09   1.107E+03   4.956E+00   6.159E-10   3.222E+09   2.492E+09   1.492E+09   2.222E+09   2.068E+00   1.982E+00   1.620E+02   8.799E+01
     51           36       1   2.451E+11   3.365E+09   1.418E+02   2.282E+00   6.781E-10   2.522E+09   2.159E+09   6.194E+08   9.832E+08   1.069E+00   1.119E+00   5.831E+01   5.278E+01
     52           37       1   4.538E+11   3.726E+09   1.012E+02   4.875E+00   1.308E-09   6.905E+09   6.630E+09   1.422E+09   1.697E+09   8.138E-01   9.207E-01   4.446E+01   4.790E+01
     53           38       1   4.679E+11   4.260E+09   2.055E+02   3.583E+00   8.409E-10   5.129E+09   4.530E+09   9.679E+08   1.567E+09   1.121E+00   1.155E+00   9.230E+01   7.730E+01
     54           39       1   4.771E+11   2.373E+09   8.141E+00   5.271E+00   2.221E-09   7.069E+09   7.280E+09   1.407E+09   1.195E+09   3.137E-01   4.966E-01   2.506E+01   1.656E+01
     55           40       1   4.950E+11   4.094E+09   3.625E+01   1.182E+01   2.925E-09   7.456E+09   8.263E+09   4.314E+09   3.507E+09   3.588E-01   5.696E-01   2.567E+01   2.042E+01
     56           41       1   3.466E+11   4.398E+09   5.951E+02   6.372E+00   1.449E-09   4.046E+09   3.758E+09   1.739E+09   2.028E+09   1.248E+00   1.233E+00   1.244E+03   1.120E+03
     57           42       1   4.087E+11   3.478E+09   2.080E+02   5.407E+00   1.555E-09   5.198E+09   4.982E+09   1.540E+09   1.756E+09   9.039E-01   9.107E-01   5.619E+02   4.790E+02
     58           43       1   3.109E+11   4.924E+09   5.175E+02   3.456E+00   7.020E-10   3.861E+09   3.238E+09   8.730E+08   1.496E+09   1.826E+00   1.743E+00   7.231E+01   5.327E+01
     59           44       1   3.718E+11   4.885E+09   2.991E+02   2.950E+00   6.039E-10   4.664E+09   3.983E+09   6.277E+08   1.309E+09   1.509E+00   1.534E+00   3.836E+01   2.507E+01
     60           45       1   3.248E+11   2.957E+09   1.504E+02   4.194E+00   1.418E-09   4.314E+09   4.199E+09   1.344E+09   1.458E+09   7.138E-01   8.694E-01   8.291E+01   8.374E+01
     61           46       1   4.388E+11   9.762E+09   3.509E+03   7.895E+00   8.088E-10   3.785E+09   3.251E+09   2.223E+09   2.758E+09   3.272E+00   3.112E+00   5.922E+02   4.200E+02
     62           47       1   3.806E+11   5.913E+09   9.349E+02   8.879E+00   1.502E-09   3.408E+09   3.319E+09   2.757E+09   2.846E+09   1.366E+00   1.404E+00   7.016E+02   6.847E+02
     63           48       1   4.108E+11   1.741E+09   5.865E+01   2.233E+00   1.283E-09   4.389E+09   4.277E+09   5.897E+08   7.015E+08   5.065E-01   6.198E-01   5.598E+01   4.431E+01
     64           49       1   3.911E+11   8.035E+09   1.546E+03   4.396E+00   5.470E-10   1.991E+09   1.682E+09   1.391E+09   1.700E+09   2.430E+00   2.413E+00   3.583E+02   3.601E+02
     65           50       1   3.532E+11   1.781E+09   3.140E+01   2.542E+00   1.427E-09   4.664E+09   4.497E+09   6.642E+08   8.312E+08   6.062E-01   6.754E-01   1.250E+02   6.335E+01
     66           51       1   3.194E+11   2.464E+09   5.024E+01   2.630E+00   1.068E-09   3.786E+09   3.515E+09   6.750E+08   9.454E+08   5.927E-01   8.089E-01   1.171E+01   1.483E+01
     67           52       1   4.084E+11   3.497E+09   8.800E+01   2.391E+00   6.840E-10   3.384E+09   2.895E+09   5.495E+08   1.038E+09   1.025E+00   1.085E+00   2.743E+01   2.827E+01
     68           53       1   4.173E+11   2.657E+09   1.373E+02   1.915E+00   7.208E-10   2.972E+09   2.624E+09   4.784E+08   8.269E+08   8.987E-01   9.953E-01   3.667E+01   3.926E+01
     69           53       0   4.173E+11   1.083E+09   6.071E+01   7.828E-01   7.228E-10   6.678E+08   5.495E+08   2.146E+08   3.329E+08   8.019E-01   9.042E-01   3.565E+01   3.061E+01
     70           55       1   3.686E+11   3.797E+09   5.524E+01   3.950E+00   1.040E-09   4.482E+09   3.874E+09   1.060E+09   1.668E+09   8.404E-01   9.504E-01   1.617E+01   2.485E+01
     71           57       1   3.697E+11   3.302E+09   3.117E+02   2.601E+00   7.877E-10   3.217E+09   2.851E+09   6.958E+08   1.062E+09   1.235E+00   1.279E+00   7.906E+01   8.958E+01
     72           58       1   3.308E+11   3.798E+09   2.115E+02   4.476E+00   1.179E-09   3.843E+09   3.545E+09   1.448E+09   1.746E+09   8.025E-01   9.350E-01   1.009E+02   8.804E+01
     73           59       1   3.278E+11   6.047E+09   1.258E+03   1.171E+00   1.936E-10   1.163E+09   9.325E+08   3.183E+08   5.491E+08   1.239E+00   1.254E+00   1.078E+02   6.011E+01
     74           60       1   3.450E+11   5.849E+09   1.488E+03   2.399E+00   4.101E-10   2.839E+09   2.581E+09   7.437E+08   1.002E+09   1.909E+00   1.938E+00   6.143E+01   7.137E+01
     75           61       1   3.402E+11   3.531E+09   1.074E+03   6.975E+00   1.976E-09   1.510E+09   1.416E+09   1.657E+09   1.750E+09   1.189E+00   1.185E+00   2.709E+03   2.669E+03
     76           62       1   3.210E+11   3.187E+09   2.827E+02   2.490E+00   7.812E-10   2.241E+09   1.914E+09   8.310E+08   1.159E+09   1.063E+00   1.113E+00   1.290E+02   1.056E+02
     77           63       1   2.013E+11   1.871E+09   6.228E+01   1.479E+00   7.906E-10   1.762E+09   1.586E+09   4.070E+08   5.832E+08   6.347E-01   8.161E-01   3.416E+01   3.512E+01
     78           64       1   3.027E+11   3.691E+09   1.699E+02   2.851E+00   7.723E-10   2.639E+09   2.127E+09   8.410E+08   1.354E+09   1.072E+00   1.149E+00   6.750E+01   6.511E+01
     79           65       1   2.908E+11   1.719E+09   1.024E+02   2.001E+00   1.164E-09   2.669E+09   2.494E+09   5.722E+08   7.468E+08   7.049E-01   8.086E-01   9.472E+01   6.588E+01
     80           66       1   3.174E+11   1.740E+09   5.280E+01   1.277E+00   7.340E-10   2.222E+09   1.993E+09   3.532E+08   5.820E+08   7.998E-01   9.096E-01   3.704E+01   3.968E+01
     81           68       1   2.743E+11   3.437E+09   1.545E+02   2.463E+00   7.167E-10   2.972E+09   2.441E+09   5.936E+08   1.125E+09   1.228E+00   1.300E+00   1.993E+01   2.438E+01
     82           69       1   2.957E+11   2.693E+09   4.036E+01   2.702E+00   1.003E-09   4.464E+09   3.984E+09   5.084E+08   9.880E+08   9.088E-01   1.097E+00   4.333E+00   9.127E+00
     83           70       1   2.722E+11   2.421E+09   9.561E+01   2.381E+00   9.835E-10   2.539E+09   2.271E+09   6.994E+08   9.672E+08   7.340E-01   8.509E-01   3.064E+01   3.671E+01
     84           71       1   2.829E+11   2.274E+09   1.044E+02   2.892E+00   1.272E-09   3.657E+09   3.422E+09   8.567E+08   1.092E+09   6.920E-01   8.372E-01   3.070E+01   3.230E+01
     85           72       1   2.490E+11   1.192E+09   5.878E+01   1.478E+00   1.240E-09   3.269E+09   3.173E+09   3.498E+08   4.460E+08   5.598E-01   7.290E-01   1.397E+01   1.838E+01
     86           75       1   2.285E+11   1.063E+09   3.074E+01   4.645E-01   4.370E-10   1.022E+09   9.454E+08   7.487E+07   1.513E+08   6.779E-01   8.125E-01   7.527E+00   1.262E+01
     87           76       1   2.639E+11   1.155E+09   1.344E+01   1.523E+00   1.328E-09   3.817E+09   3.833E+09   2.339E+08   2.177E+08   2.823E-01   5.499E-01   9.782E-01   9.253E-01
     88           77       1   2.812E+11   1.091E+10   1.068E+04   2.723E+00   2.496E-10   2.515E+09   1.995E+09   5.614E+08   1.082E+09   5.436E+00   3.745E+00   4.874E+01   1.917E+01
     89           78       1   2.623E+11   2.868E+09   2.430E+02   2.523E+00   8.797E-10   3.145E+09   2.856E+09   6.144E+08   9.042E+08   1.296E+00   1.391E+00   1.878E+01   2.598E+01
     90           80       1   2.539E+11   1.529E+09   8.102E+00   2.150E+00   1.407E-09   4.557E+09   4.549E+09   3.094E+08   3.172E+08   2.789E-01   5.974E-01   5.525E-01   5.822E-01
     91           81       1   2.445E+11   1.108E+09   2.599E+01   1.423E+00   1.285E-09   3.229E+09   3.149E+09   2.859E+08   3.658E+08   4.668E-01   6.714E-01   7.096E+00   7.489E+00
     92           82       1   2.177E+11   1.792E+09   1.066E+02   1.560E+00   8.708E-10   2.191E+09   2.041E+09   4.133E+08   5.639E+08   9.551E-01   1.013E+00   1.065E+02   6.257E+01
     93           83       1   2.484E+11   1.118E+09   1.784E+01   1.542E+00   1.379E-09   3.410E+09   3.384E+09   3.292E+08   3.556E+08   3.936E-01   5.810E-01   8.392E+00   9.353E+00
     94           84       1   2.606E+11   4.245E+09   4.727E+02   3.559E+00   8.384E-10   1.805E+09   1.464E+09   1.242E+09   1.583E+09   1.510E+00   1.518E+00   2.676E+02   2.445E+02
     95           85       1   2.501E+11   1.692E+09   6.142E+01   1.481E+00   8.751E-10   1.930E+09   1.695E+09   3.627E+08   5.975E+08   7.366E-01   9.089E-01   7.638E+00   1.129E+01
     96           86       1   2.313E+11   1.233E+09   4.782E+01   1.968E+00   1.595E-09   3.748E+09   3.703E+09   4.942E+08   5.395E+08   6.160E-01   7.927E-01   1.022E+01   2.354E+01
     97           87       1   2.274E+11   2.151E+09   1.186E+02   1.532E+00   7.122E-10   1.528E+09   1.296E+09   4.491E+08   6.813E+08   8.609E-01   9.629E-01   5.040E+01   5.400E+01
     98           89       1   2.504E+11   2.505E+09   2.002E+02   1.815E+00   7.246E-10   2.452E+09   2.144E+09   4.681E+08   7.762E+08   9.637E-01   1.060E+00   3.639E+01   3.886E+01
     99           90       1   2.268E+11   1.788E+09   7.013E+01   1.696E+00   9.486E-10   2.065E+09   1.891E+09   4.476E+08   6.213E+08   5.307E-01   6.798E-01   2.261E+01   2.064E+01
    100           91       1   2.459E+11   1.426E+09   1.469E+01   1.552E+00   1.089E-09   3.685E+09   3.597E+09   2.060E+08   2.943E+08   4.578E-01   7.318E-01   4.638E-01   9.772E-01
    101           92       1   2.171E+11   2.401E+09   7.171E+01   1.883E+00   7.844E-10   1.847E+09   1.510E+09   5.305E+08   8.669E+08   7.915E-01   1.011E+00   2.093E+01   2.296E+01
    102           93       1   2.377E+11   1.194E+09   2.319E+01   1.463E+00   1.226E-09   2.576E+09   2.524E+09   3.038E+08   3.559E+08   4.809E-01   8.262E-01   2.782E+00   4.601E+00
    103           99       1   2.130E+11   1.115E+09   2.409E+01   9.152E-01   8.212E-10   1.917E+09   1.825E+09   1.374E+08   2.295E+08   5.117E-01   7.870E-01   1.795E+00   3.272E+00
    104          102       1   1.999E+11   1.096E+09   4.481E+01   1.163E+00   1.061E-09   2.024E+09   1.956E+09   2.969E+08   3.654E+08   5.567E-01   6.900E-01   2.277E+01   2.553E+01
    105          105       1   1.884E+11   2.367E+09   1.923E+02   1.575E+00   6.652E-10   1.186E+09   9.936E+08   5.407E+08   7.327E+08   1.021E+00   1.058E+00   1.328E+02   1.138E+02
    106          106       1   2.109E+11   1.248E+09   4.233E+01   1.306E+00   1.046E-09   2.081E+09   1.931E+09   2.994E+08   4.491E+08   5.587E-01   7.791E-01   8.854E+00   1.061E+01
    107          110       1   1.633E+11   1.857E+09   1.408E+02   1.603E+00   8.634E-10   1.509E+09   1.366E+09   4.927E+08   6.358E+08   8.014E-01   8.975E-01   1.313E+02   1.037E+02
    108          111       1   1.129E+11   1.043E+09   2.871E+01   6.091E-01   5.839E-10   7.640E+08   6.598E+08   1.310E+08   2.352E+08   6.385E-01   8.554E-01   3.228E+00   6.178E+00
    109          113       1   1.755E+11   1.998E+09   1.154E+02   1.368E+00   6.846E-10   1.860E+09   1.589E+09   3.081E+08   5.787E+08   8.454E-01   9.640E-01   2.602E+01   2.135E+01
    110          116       1   1.707E+11   1.183E+09   3.488E+01   8.558E-01   7.236E-10   1.275E+09   1.149E+09   1.871E+08   3.134E+08   6.330E-01   8.247E-01   1.076E+01   1.338E+01
    111          121       1   1.759E+11   1.920E+09   1.109E+02   1.736E+00   9.044E-10   1.246E+09   1.168E+09   6.039E+08   6.821E+08   7.378E-01   8.816E-01   8.629E+01   7.334E+01
    112          124       1   1.688E+11   1.255E+09   3.877E+01   8.127E-01   6.478E-10   1.425E+09   1.306E+09   1.507E+08   2.701E+08   6.274E-01   8.558E-01   3.545E+00   6.277E+00
    113          127       1   1.712E+11   1.133E+09   4.653E+01   6.958E-01   6.141E-10   1.079E+09   1.028E+09   1.685E+08   2.198E+08   4.670E-01   6.694E-01   9.189E+00   9.841E+00
    114          130       1   1.558E+11   1.450E+09   7.927E+01   1.116E+00   7.698E-10   1.704E+09   1.565E+09   2.523E+08   3.905E+08   8.356E-01   9.110E-01   5.501E+01   4.187E+01
    115          131       1   1.632E+11   1.012E+09   4.011E+01   6.967E-01   6.883E-10   9.907E+08   8.771E+08   1.739E+08   2.875E+08   6.620E-01   8.146E-01   2.050E+01   1.994E+01
    116          136       1   1.482E+11   1.354E+09   4.503E+01   7.583E-01   5.599E-10   1.484E+09   1.305E+09   9.804E+07   2.776E+08   8.924E-01   1.161E+00   1.661E+00   4.507E+00
    117          137       1   1.639E+11   1.482E+09   7.778E+01   1.154E+00   7.786E-10   1.676E+09   1.542E+09   2.487E+08   3.825E+08   6.860E-01   1.049E+00   2.448E+00   5.445E+00
    118          139       1   1.442E+11   1.411E+09   6.376E+01   8.622E-01   6.112E-10   9.949E+08   8.086E+08   2.371E+08   4.235E+08   9.071E-01   1.036E+00   2.724E+01   2.612E+01
    119          155       1   1.312E+11   1.277E+09   7.485E+01   7.551E-01   5.914E-10   1.899E+09   1.784E+09   1.343E+08   2.500E+08   7.517E-01   9.682E-01   1.478E+01   6.285E+00
