# Eagle run L0025N0752/RECALIBRATED snapshot_023_z000p503
# number of galaxies = 243
# SubIndex; GroupNumber; IsCentral; M200 of host [Msun]; M*,30pkpc [Msun]; Sigma_*,r1/2 [Msun ppc^-2]; SFR [Msun yr^-1]; sSFR [yr^-1];
#    M_HI_BR06 [Msun]; M_HI_GK11 [Msun]; M_H2_BR06 [Msun]; M_H2_GK11 [Msun]; MMW ZH2_BR06_rhalf [Zsun]; MMW ZH2_GK11_rhalf [Zsun]; SigmaH2_BR06,r1/2 [Msun ppc^-2]; SigmaH2_GK11,r1/2 [Msun ppc^-2]
      0            0       1   1.243E+13   5.516E+10   1.693E+02   6.249E-01   1.133E-11   4.311E+09   3.732E+09   1.658E+08   7.446E+08   1.265E+00   1.939E+00   4.646E-02   1.111E-01
      1            0       0   1.243E+13   1.684E+10   4.226E+02   2.416E+00   1.434E-10   3.780E+09   2.290E+09   4.237E+08   1.914E+09   3.686E+00   3.294E+00   3.135E+00   7.662E+00
      2            0       0   1.243E+13   2.530E+09   4.799E+01   1.894E+00   7.486E-10   1.839E+09   1.536E+09   6.319E+08   9.347E+08   9.655E-01   1.028E+00   2.088E+02   1.378E+02
      3            0       0   1.243E+13   1.107E+10   5.750E+02   2.598E+00   2.348E-10   3.263E+09   1.978E+09   6.624E+08   1.948E+09   2.317E+00   2.236E+00   7.323E+00   1.225E+01
      4            0       0   1.243E+13   1.635E+10   2.891E+03   6.418E-03   3.925E-13   1.007E+02   1.007E+02   0.000E+00   1.050E-08  -1.000E+00   2.336E+00  -1.000E+00   2.301E-17
      5            0       0   1.243E+13   1.045E+10   1.299E+03   1.419E+00   1.358E-10   8.393E+08   3.578E+08   4.642E+08   9.457E+08   3.449E+00   3.122E+00   8.265E+01   7.952E+01
      6            0       0   1.243E+13   5.760E+09   6.725E+01   7.057E-01   1.225E-10   8.928E+08   2.532E+08   1.053E+08   7.449E+08   2.854E+00   2.804E+00   1.836E+00   8.116E+00
      7            0       0   1.243E+13   9.216E+09   1.091E+03   4.020E-01   4.362E-11   1.377E+08   8.535E+06   1.322E+08   2.613E+08   5.426E+00   5.361E+00   6.046E+01   4.846E+01
      8            0       0   1.243E+13   5.962E+09   4.086E+02   9.133E-01   1.532E-10   1.842E+08   2.561E+07   3.252E+08   4.838E+08   4.253E+00   4.249E+00   1.738E+02   1.485E+02
      9            0       0   1.243E+13   1.486E+09   1.759E+01   2.016E-01   1.356E-10   4.691E+08   3.150E+08   2.716E+07   1.812E+08   1.697E+00   1.877E+00   2.307E+00   6.563E+00
     10            0       0   1.243E+13   5.944E+09   6.592E+02   4.096E-01   6.892E-11   3.527E+07   1.155E+06   1.454E+08   1.795E+08   6.065E+00   6.047E+00   1.599E+02   1.685E+02
     11            0       0   1.243E+13   1.592E+09   6.326E+01   1.200E-01   7.540E-11   9.379E+07   1.798E+07   3.303E+07   1.088E+08   3.063E+00   2.934E+00   1.837E+01   3.023E+01
     12            0       0   1.243E+13   1.501E+09   4.286E+01   1.906E-01   1.270E-10   2.277E+08   8.260E+07   3.943E+07   1.845E+08   2.258E+00   2.283E+00   5.939E+00   1.449E+01
     13            0       0   1.243E+13   4.386E+09   9.882E+02   3.805E-02   8.676E-12   3.362E+07   3.326E+06   5.509E+06   3.580E+07   6.877E+00   6.742E+00   2.628E+00   8.749E+00
     14            1       1   4.471E+12   4.324E+10   4.729E+03   3.176E+00   7.375E-11   7.928E+09   6.041E+09   4.851E+08   2.372E+09   5.552E+00   3.790E+00   6.512E+00   5.346E+00
     15            1       0   4.471E+12   2.523E+10   3.918E+03   3.668E+00   1.454E-10   6.533E+09   4.594E+09   6.385E+08   2.578E+09   3.532E+00   2.686E+00   3.679E+00   7.617E+00
     16            1       0   4.471E+12   1.226E+10   2.082E+02   1.711E+00   1.396E-10   4.531E+09   3.385E+09   1.940E+08   1.339E+09   3.303E+00   2.939E+00   3.922E+00   3.354E+00
     17            1       0   4.471E+12   4.136E+09   1.777E+02   3.616E-01   8.743E-11   2.999E+08   8.550E+07   1.024E+08   3.169E+08   3.272E+00   3.251E+00   1.878E+01   2.373E+01
     18            2       1   2.926E+12   2.465E+10   3.722E+02   3.129E+00   1.269E-10   5.287E+09   4.472E+09   6.873E+08   1.502E+09   2.579E+00   2.280E+00   1.080E+03   2.548E+00
     19            2       0   2.926E+12   1.912E+10   1.278E+03   3.040E+00   1.590E-10   5.738E+09   4.396E+09   9.069E+08   2.249E+09   2.467E+00   2.236E+00   2.274E+01   2.473E+01
     20            2       0   2.926E+12   1.323E+10   2.285E+03   3.511E+00   2.654E-10   9.573E+08   4.368E+08   1.281E+09   1.801E+09   3.702E+00   3.547E+00   1.277E+02   1.205E+02
     21            2       0   2.926E+12   1.572E+09   2.140E+01   5.092E-01   3.240E-10   1.563E+09   1.337E+09   4.916E+07   2.753E+08   1.248E+00   1.566E+00   9.492E-02   7.061E-01
     22            2       0   2.926E+12   4.107E+09   7.192E+02   1.659E+00   4.039E-10   8.153E+08   2.757E+08   5.582E+08   1.098E+09   2.626E+00   2.558E+00   9.894E+01   6.206E+01
     23            2       0   2.926E+12   1.225E+09   3.702E+01   1.542E-01   1.259E-10   3.014E+08   1.877E+08   1.993E+07   1.336E+08   1.773E+00   2.008E+00   2.962E+00   1.026E+01
     24            2       0   2.926E+12   1.019E+09   2.149E+01   2.400E-01   2.356E-10   6.670E+08   5.369E+08   1.674E+07   1.468E+08   1.139E+00   1.417E+00   6.120E-01   1.893E+00
     25            3       1   4.276E+12   5.327E+10   2.346E+03   6.039E+00   1.134E-10   3.992E+09   3.243E+09   1.857E+09   2.606E+09   5.482E+00   4.864E+00   1.205E+02   1.011E+02
     26            3       0   4.276E+12   1.504E+09   2.381E+01   1.465E-01   9.742E-11   2.443E+08   1.108E+08   1.546E+07   1.490E+08   2.290E+00   2.324E+00   6.808E-01   4.739E+00
     27            4       1   3.800E+12   4.796E+10   8.104E+03   9.203E-02   1.920E-12   2.749E+09   2.684E+09   2.452E+07   8.984E+07   8.755E-01   1.355E+00   2.979E-03   1.047E-02
     28            4       0   3.800E+12   2.044E+09   4.305E+01   8.650E-01   4.232E-10   2.427E+09   2.036E+09   1.404E+08   5.320E+08   1.070E+00   1.287E+00   4.247E+00   8.495E+00
     29            5       1   3.620E+12   1.071E+10   1.692E+02   2.045E+00   1.909E-10   7.027E+09   5.520E+09   3.303E+08   1.837E+09   2.495E+00   2.342E+00   1.839E+00   4.027E+00
     30            5       0   3.620E+12   2.129E+10   7.236E+02   3.381E+00   1.588E-10   5.905E+09   4.199E+09   5.815E+08   2.287E+09   3.600E+00   2.907E+00   5.520E+00   6.848E+00
     31            5       0   3.620E+12   1.811E+09   3.634E+01   6.423E-01   3.546E-10   2.211E+09   1.986E+09   9.094E+07   3.162E+08   9.699E-01   1.260E+00   2.496E+00   4.342E+00
     32            5       0   3.620E+12   6.966E+09   8.268E+02   5.269E+00   7.564E-10   2.355E+09   1.610E+09   1.331E+09   2.076E+09   2.509E+00   2.429E+00   5.590E+02   3.162E+02
     33            5       0   3.620E+12   1.307E+09   3.487E+01   1.241E+00   9.493E-10   2.235E+09   1.920E+09   2.871E+08   6.019E+08   8.568E-01   9.901E-01   1.385E+01   2.027E+01
     34            5       0   3.620E+12   2.675E+09   1.138E+02   4.412E-01   1.649E-10   5.526E+08   3.130E+08   9.456E+07   3.342E+08   1.565E+00   1.722E+00   1.897E+01   1.791E+01
     35            6       1   3.163E+12   4.898E+10   4.498E+03   5.166E+00   1.055E-10   4.866E+09   3.808E+09   1.787E+09   2.845E+09   3.501E+00   3.087E+00   5.789E+01   5.554E+01
     36            6       0   3.163E+12   1.463E+09   2.571E+01   4.964E-01   3.393E-10   1.742E+09   1.536E+09   5.271E+07   2.586E+08   9.576E-01   1.337E+00   2.435E+00   3.771E+00
     37            6       0   3.163E+12   1.149E+09   1.372E+01   2.182E-01   1.898E-10   8.233E+08   7.122E+08   2.091E+07   1.319E+08   1.042E+00   1.308E+00   6.699E-01   3.245E+00
     38            7       1   2.958E+12   4.500E+10   4.063E+03   3.043E-01   6.773E-12   1.624E+09   1.082E+09   7.411E+07   6.160E+08   3.800E+00   3.414E+00   1.264E-02   9.329E-02
     39            7       0   2.958E+12   5.873E+09   4.688E+02   4.673E-01   7.956E-11   2.370E+08   4.920E+07   1.379E+08   3.257E+08   4.042E+00   3.912E+00   1.904E+02   4.818E+01
     40            7       0   2.958E+12   1.781E+09   1.193E+02   1.775E-01   9.964E-11   1.595E+08   6.539E+07   5.187E+07   1.459E+08   2.347E+00   2.314E+00   1.438E+01   2.550E+01
     41            8       1   3.119E+12   4.974E+10   8.681E+03   2.292E-01   4.607E-12   4.916E+09   4.742E+09   8.937E+07   2.632E+08   4.062E+00   3.423E+00   4.595E-02   1.602E-02
     42            8       0   3.119E+12   3.868E+09   2.360E+02   1.210E+00   3.129E-10   1.091E+09   7.890E+08   3.382E+08   6.398E+08   2.056E+00   2.008E+00   2.613E+02   1.250E+02
     43            9       1   2.832E+12   3.349E+10   7.815E+02   1.632E-01   4.874E-12   2.624E+09   2.568E+09   3.557E+07   9.175E+07   3.017E+00   2.297E+00   1.173E+02   2.283E-01
     44            9       0   2.832E+12   1.554E+09   3.030E+01   4.447E-01   2.861E-10   9.424E+08   7.011E+08   6.599E+07   3.073E+08   1.285E+00   1.521E+00   3.064E+00   9.529E+00
     45            9       0   2.832E+12   1.844E+09   2.549E+01   3.912E-01   2.122E-10   1.130E+09   8.949E+08   3.374E+07   2.690E+08   1.338E+00   1.579E+00   6.831E-01   3.336E+00
     46           10       1   2.639E+12   5.147E+10   1.212E+04   2.840E+00   5.518E-11   3.907E+09   3.480E+09   4.980E+08   9.253E+08   7.477E+00   5.490E+00   7.822E+02   1.667E+01
     47           11       1   2.191E+12   2.971E+10   1.825E+03   1.294E+00   4.355E-11   5.191E+09   4.775E+09   3.724E+08   7.882E+08   4.636E+00   4.225E+00   1.121E+02   3.458E-01
     48           11       0   2.191E+12   2.578E+09   1.126E+02   1.069E+00   4.148E-10   1.414E+09   9.447E+08   1.795E+08   6.489E+08   1.817E+00   1.942E+00   2.923E+00   5.625E+00
     49           12       1   2.546E+12   2.027E+10   1.631E+03   5.422E-01   2.675E-11   1.959E+09   1.803E+09   1.411E+08   2.969E+08   2.172E+00   2.013E+00   6.860E+01   9.631E+00
     50           13       1   2.340E+12   4.628E+10   8.222E+02   1.203E+00   2.600E-11   5.191E+09   4.379E+09   2.417E+08   1.054E+09   4.939E+00   4.119E+00   5.138E+01   1.037E+00
     51           13       0   2.340E+12   1.577E+09   4.277E+01   2.794E-01   1.771E-10   2.405E+08   9.955E+07   8.748E+07   2.284E+08   2.035E+00   2.115E+00   2.778E+01   3.488E+01
     52           14       1   2.224E+12   3.406E+10   5.521E+03   5.326E-01   1.564E-11   1.688E+09   1.533E+09   7.959E+07   2.352E+08   2.393E+00   2.035E+00   9.977E-02   2.406E-01
     53           14       0   2.224E+12   1.019E+09   3.361E+01   2.440E-01   2.394E-10   7.089E+08   5.946E+08   2.167E+07   1.359E+08   1.236E+00   1.469E+00   1.238E+00   2.682E+00
     54           15       1   2.305E+12   8.932E+09   1.081E+01   1.381E+00   1.546E-10   6.071E+09   5.699E+09   1.946E+08   5.665E+08   8.363E-01   1.185E+00   1.135E+00   3.935E+00
     55           15       0   2.305E+12   1.452E+10   5.477E+03   0.000E+00   0.000E+00   0.000E+00   0.000E+00   0.000E+00   0.000E+00  -1.000E+00  -1.000E+00  -1.000E+00  -1.000E+00
     56           15       0   2.305E+12   1.550E+09   2.671E+01   6.568E-01   4.237E-10   1.586E+09   1.307E+09   6.366E+07   3.424E+08   1.114E+00   1.469E+00   4.201E-01   1.850E+00
     57           16       1   2.300E+12   5.058E+10   2.586E+03   4.171E+00   8.246E-11   5.265E+09   4.116E+09   1.136E+09   2.285E+09   5.776E+00   4.831E+00   4.079E+01   3.582E+01
     58           17       1   1.839E+12   1.512E+10   4.195E+02   3.178E-01   2.114E-11   2.085E+09   1.973E+09   4.299E+07   1.557E+08   1.307E+00   1.506E+00   1.282E+00   1.232E+00
     59           17       0   1.839E+12   5.709E+09   5.029E+02   8.200E-01   1.436E-10   4.652E+08   1.770E+08   2.750E+08   5.632E+08   2.775E+00   2.852E+00   2.488E+01   4.136E+01
     60           18       1   1.710E+12   1.455E+10   2.058E+03   1.565E+00   1.081E-10   3.646E+09   2.907E+09   4.284E+08   1.168E+09   3.921E+00   3.308E+00   3.636E+01   2.158E+01
     61           18       0   1.710E+12   8.209E+09   1.640E+02   2.731E+00   3.327E-10   3.012E+09   1.978E+09   8.959E+08   1.930E+09   1.821E+00   1.928E+00   1.701E+01   2.988E+01
     62           18       0   1.710E+12   5.215E+09   3.398E+02   1.790E+00   3.433E-10   1.890E+09   1.012E+09   4.482E+08   1.326E+09   2.684E+00   2.435E+00   4.607E+01   2.559E+01
     63           19       1   1.744E+12   2.592E+10   1.414E+03   2.385E-03   9.201E-14   1.298E+06   7.628E+05   3.634E+04   5.717E+05   1.199E+00   1.622E+00   3.337E-03   4.967E-02
     64           19       0   1.744E+12   5.818E+09   1.235E+02   1.189E+00   2.043E-10   5.006E+09   4.353E+09   8.634E+07   7.394E+08   2.867E+00   2.576E+00   4.794E-01   1.527E+00
     65           20       1   1.897E+12   2.750E+10   1.743E+02   3.155E+00   1.147E-10   1.007E+10   7.391E+09   2.475E+08   2.927E+09   3.806E+00   3.176E+00   3.008E-01   1.979E+00
     66           21       1   1.510E+12   2.160E+10   1.361E+03   4.704E-02   2.178E-12   1.805E+09   1.715E+09   1.674E+07   1.072E+08   7.247E-01   3.361E+00   1.044E-03   8.645E-03
     67           21       0   1.510E+12   2.082E+09   1.305E+02   2.321E-01   1.115E-10   4.082E+08   2.720E+08   4.520E+07   1.814E+08   2.739E+00   2.576E+00   1.690E+01   1.912E+01
     68           21       0   1.510E+12   2.277E+09   2.963E+01   9.654E-01   4.239E-10   2.651E+09   2.205E+09   1.536E+08   5.996E+08   1.398E+00   1.450E+00   1.088E+01   7.934E+00
     69           21       0   1.510E+12   3.387E+09   6.345E+01   7.295E-01   2.154E-10   1.202E+09   7.356E+08   1.551E+08   6.220E+08   1.902E+00   2.016E+00   6.145E+00   1.646E+01
     70           22       1   1.630E+12   2.130E+10   2.246E+03   3.006E+00   1.413E-10   6.390E+09   4.727E+09   5.329E+08   2.195E+09   3.385E+00   2.410E+00   5.459E+00   7.101E+00
     71           22       0   1.630E+12   2.660E+09   9.107E+01   6.288E-01   2.364E-10   1.351E+09   1.034E+09   1.273E+08   4.452E+08   1.656E+00   1.734E+00   1.060E+01   2.210E+01
     72           23       1   1.920E+12   2.879E+10   6.088E+02   9.550E-01   3.318E-11   2.647E+09   2.108E+09   1.062E+08   6.449E+08   1.596E+00   1.888E+00   6.018E-01   2.024E+00
     73           23       0   1.920E+12   1.625E+09   5.209E+01   1.066E-01   6.560E-11   1.229E+08   4.988E+07   2.566E+07   9.864E+07   2.331E+00   2.382E+00   9.568E+00   1.715E+01
     74           24       1   1.583E+12   1.685E+10   4.539E+02   2.225E+00   1.320E-10   4.186E+09   3.048E+09   5.326E+08   1.671E+09   2.791E+00   2.546E+00   1.550E+01   1.611E+01
     75           25       1   1.527E+12   1.626E+10   2.955E+03   8.139E-01   5.006E-11   2.615E+09   2.286E+09   1.507E+08   4.796E+08   5.474E+00   4.148E+00   1.269E+02   7.758E+00
     76           25       0   1.527E+12   3.260E+09   1.408E+02   7.009E-01   2.150E-10   1.258E+09   9.385E+08   1.421E+08   4.615E+08   1.875E+00   1.957E+00   2.694E+01   1.154E+01
     77           26       1   1.138E+12   2.077E+10   1.374E+02   4.615E+00   2.223E-10   7.290E+09   4.488E+09   8.225E+08   3.624E+09   2.255E+00   2.334E+00   2.262E+00   7.775E+00
     78           26       0   1.138E+12   1.361E+09   1.776E+01   4.500E-01   3.307E-10   2.949E+09   2.752E+09   3.282E+07   2.297E+08   9.944E-01   1.384E+00   2.269E-01   1.347E+00
     79           26       0   1.138E+12   1.003E+09   1.226E+01   4.126E-01   4.112E-10   2.486E+09   2.361E+09   2.475E+07   1.504E+08   7.279E-01   1.237E+00   4.986E-02   3.347E-01
     80           27       1   1.314E+12   1.952E+10   4.792E+03   2.017E+00   1.034E-10   2.489E+09   1.718E+09   5.061E+08   1.277E+09   3.373E+00   2.774E+00   1.668E+01   1.630E+01
     81           27       0   1.314E+12   1.422E+09   5.534E+01   3.336E-01   2.346E-10   5.954E+08   4.181E+08   5.336E+07   2.306E+08   1.253E+00   1.601E+00   2.478E+00   7.238E+00
     82           28       1   1.043E+12   7.815E+09   3.051E+02   3.996E-01   5.113E-11   1.306E+09   1.059E+09   6.131E+07   3.084E+08   2.252E+00   2.184E+00   8.849E+00   9.847E+00
     83           28       0   1.043E+12   3.090E+09   1.109E+02   9.275E-01   3.001E-10   2.478E+09   2.085E+09   1.681E+08   5.611E+08   1.509E+00   1.571E+00   1.151E+01   1.223E+01
     84           28       0   1.043E+12   2.458E+09   1.210E+02   3.085E-01   1.255E-10   3.241E+08   1.387E+08   7.688E+07   2.623E+08   1.924E+00   1.989E+00   6.461E+00   1.720E+01
     85           29       1   9.734E+11   2.143E+10   4.468E+03   7.688E+00   3.544E-10   2.433E+09   2.117E+09   1.786E+09   2.102E+09   4.228E+00   4.228E+00   8.964E+02   9.204E+02
     86           29       0   9.734E+11   1.247E+09   3.154E+01   3.965E-01   3.179E-10   2.338E+09   2.184E+09   5.307E+07   2.077E+08   1.326E+00   1.464E+00   8.126E+00   5.719E+00
     87           30       1   1.146E+12   2.061E+10   3.048E+02   4.958E+00   2.405E-10   8.482E+09   5.856E+09   1.088E+09   3.714E+09   3.072E+00   2.662E+00   1.382E+01   1.673E+01
     88           31       1   1.214E+12   2.971E+10   1.294E+03   3.444E+00   1.174E-10   5.850E+09   4.889E+09   6.092E+08   1.570E+09   6.983E+00   4.996E+00   4.453E+02   7.665E+00
     89           32       1   1.187E+12   2.049E+10   2.829E+02   2.398E+00   1.170E-10   9.140E+09   7.433E+09   1.985E+08   1.905E+09   5.332E+00   3.534E+00   2.012E+00   2.339E+00
     90           33       1   1.017E+12   1.722E+10   1.085E+03   2.626E+00   1.525E-10   4.431E+09   3.440E+09   6.898E+08   1.682E+09   3.501E+00   2.806E+00   3.438E+01   2.397E+01
     91           34       1   6.221E+11   1.074E+10   2.426E+02   1.153E+00   1.074E-10   2.716E+09   1.861E+09   9.832E+07   9.534E+08   4.283E+00   3.160E+00   4.246E+00   2.011E+00
     92           34       0   6.221E+11   4.117E+09   1.102E+02   1.341E+00   3.257E-10   2.816E+09   2.216E+09   1.945E+08   7.940E+08   1.763E+00   1.818E+00   7.109E+00   4.054E+00
     93           35       1   9.254E+11   1.178E+10   8.245E+02   2.934E+00   2.491E-10   2.966E+09   2.086E+09   1.020E+09   1.900E+09   2.744E+00   2.576E+00   5.790E+01   5.971E+01
     94           36       1   7.962E+11   1.403E+09   1.837E+01   7.487E-01   5.336E-10   7.161E+09   6.991E+09   1.085E+08   2.786E+08   5.499E-01   8.481E-01   6.743E+00   3.144E+00
     95           36       0   7.962E+11   3.782E+09   5.217E+01   1.301E+00   3.438E-10   3.439E+09   2.805E+09   1.583E+08   7.917E+08   1.412E+00   1.630E+00   1.286E+00   4.579E+00
     96           37       1   1.076E+12   2.973E+10   8.821E+03   1.100E+00   3.723E-11   3.590E+09   3.096E+09   1.502E+08   6.441E+08   6.629E+00   4.773E+00   1.086E+02   2.564E+00
     97           38       1   1.039E+12   2.169E+10   7.916E+02   2.472E+00   1.140E-10   2.636E+09   1.380E+09   6.956E+08   1.952E+09   4.107E+00   3.635E+00   1.254E+01   1.853E+01
     98           38       0   1.039E+12   3.620E+09   5.002E+01   6.176E-01   1.706E-10   2.963E+09   2.600E+09   6.542E+07   4.284E+08   2.299E+00   2.278E+00   6.484E+00   2.594E+00
     99           39       1   1.000E+12   1.739E+10   4.615E+02   3.327E+00   1.914E-10   5.598E+09   4.048E+09   7.711E+08   2.321E+09   3.082E+00   2.858E+00   2.167E+01   2.638E+01
    100           40       1   1.008E+12   1.343E+10   3.623E+02   2.217E+00   1.650E-10   5.965E+09   4.813E+09   4.274E+08   1.580E+09   2.174E+00   2.124E+00   1.323E+01   1.526E+01
    101           40       0   1.008E+12   1.356E+09   5.641E+01   6.642E-01   4.898E-10   1.341E+09   1.151E+09   1.404E+08   3.304E+08   8.637E-01   1.175E+00   7.132E+00   1.288E+01
    102           41       1   7.077E+11   1.287E+10   5.124E+02   2.293E+00   1.782E-10   8.138E+09   6.845E+09   2.345E+08   1.527E+09   3.710E+00   2.766E+00   1.371E+00   2.893E+00
    103           42       1   7.336E+11   9.179E+09   6.076E+02   2.268E+00   2.471E-10   4.048E+09   3.047E+09   6.129E+08   1.613E+09   2.835E+00   2.553E+00   2.759E+01   3.191E+01
    104           42       0   7.336E+11   1.420E+09   1.928E+01   2.650E-01   1.866E-10   1.353E+09   1.217E+09   2.466E+07   1.604E+08   1.261E+00   1.412E+00   1.897E+00   4.450E+00
    105           43       1   9.383E+11   1.354E+10   3.722E+02   3.605E+00   2.661E-10   5.511E+09   3.971E+09   8.952E+08   2.435E+09   2.190E+00   2.191E+00   1.921E+01   2.028E+01
    106           44       1   8.763E+11   1.393E+10   2.772E+02   1.292E+00   9.275E-11   3.397E+09   2.433E+09   1.721E+08   1.136E+09   4.085E+00   3.524E+00   6.617E+00   5.434E+00
    107           45       1   7.925E+11   3.728E+09   3.315E+01   1.823E+00   4.890E-10   7.830E+09   7.111E+09   2.330E+08   9.519E+08   9.188E-01   1.224E+00   2.017E+00   2.549E+00
    108           45       0   7.925E+11   1.255E+09   1.005E+02   4.087E-01   3.257E-10   3.296E+08   2.115E+08   1.223E+08   2.403E+08   1.001E+00   1.052E+00   5.079E+01   4.416E+01
    109           46       1   8.195E+11   1.618E+10   6.270E+03   2.314E+00   1.434E-10   3.649E+09   3.248E+09   6.648E+08   1.065E+09   3.188E+00   2.743E+00   8.757E+01   5.354E+01
    110           47       1   8.217E+11   1.860E+10   3.509E+02   2.019E+00   1.085E-10   4.816E+09   3.292E+09   2.086E+08   1.733E+09   4.759E+00   3.387E+00   2.297E+00   2.802E+00
    111           48       1   7.042E+11   1.209E+10   4.396E+02   5.164E+00   4.273E-10   3.863E+09   2.695E+09   1.567E+09   2.735E+09   3.042E+00   2.859E+00   3.056E+02   1.677E+02
    112           49       1   7.574E+11   1.720E+10   8.432E+02   1.820E+00   1.059E-10   3.775E+09   2.622E+09   4.074E+08   1.561E+09   4.125E+00   3.576E+00   1.250E+01   1.451E+01
    113           50       1   4.895E+11   5.818E+09   1.871E+02   2.984E+00   5.129E-10   4.814E+09   4.035E+09   7.823E+08   1.562E+09   1.817E+00   1.748E+00   1.324E+01   1.789E+01
    114           51       1   5.894E+11   7.139E+09   1.903E+02   1.632E+00   2.286E-10   3.918E+09   2.927E+09   1.969E+08   1.188E+09   2.412E+00   2.221E+00   2.625E+00   5.599E+00
    115           51       0   5.894E+11   1.097E+09   4.060E+01   2.447E-01   2.231E-10   6.116E+08   4.635E+08   2.822E+07   1.763E+08   1.589E+00   1.699E+00   1.395E+00   4.651E+00
    116           52       1   6.135E+11   9.491E+09   3.015E+02   3.542E+00   3.731E-10   1.912E+09   1.410E+09   1.304E+09   1.805E+09   2.185E+00   2.193E+00   2.141E+02   1.922E+02
    117           53       1   7.263E+11   1.077E+10   2.388E+02   2.318E-01   2.152E-11   6.969E+08   5.083E+08   2.833E+07   2.169E+08   2.018E+00   2.324E+00   1.838E+00   4.116E+00
    118           54       1   6.368E+11   9.420E+09   4.833E+02   1.157E+00   1.228E-10   2.670E+09   1.891E+09   1.890E+08   9.676E+08   3.869E+00   3.290E+00   9.433E+00   9.490E+00
    119           54       0   6.368E+11   1.880E+09   1.630E+01   7.732E-01   4.112E-10   3.046E+09   2.737E+09   7.477E+07   3.842E+08   1.184E+00   1.352E+00   1.654E+00   2.884E+00
    120           55       1   7.845E+11   1.441E+10   2.844E+02   9.142E-01   6.342E-11   1.967E+09   1.183E+09   5.179E+07   8.353E+08   3.570E+00   3.355E+00   4.479E-01   2.287E+00
    121           56       1   6.908E+11   9.751E+09   1.423E+02   1.392E+00   1.428E-10   4.884E+09   3.800E+09   1.403E+08   1.224E+09   3.039E+00   2.856E+00   1.366E+00   5.619E+00
    122           57       1   6.549E+11   8.080E+09   3.962E+02   2.110E+00   2.612E-10   4.200E+09   3.368E+09   5.101E+08   1.342E+09   3.253E+00   2.942E+00   5.847E+01   3.153E+01
    123           57       0   6.549E+11   1.093E+09   4.276E+01   4.026E-01   3.683E-10   8.376E+08   6.869E+08   4.140E+07   1.921E+08   1.025E+00   1.524E+00   4.194E-01   1.960E+00
    124           58       1   5.847E+11   7.645E+09   1.055E+02   1.674E+00   2.190E-10   8.230E+09   7.441E+09   1.531E+08   9.424E+08   3.530E+00   2.677E+00   3.104E-01   9.026E-01
    125           59       1   6.312E+11   1.218E+10   1.192E+03   1.006E+01   8.260E-10   2.059E+09   1.624E+09   3.365E+09   3.799E+09   2.328E+00   2.330E+00   5.373E+02   5.351E+02
    126           60       1   3.022E+11   3.848E+09   9.725E+01   9.953E-01   2.586E-10   4.816E+09   4.333E+09   8.638E+07   5.693E+08   1.858E+00   2.027E+00   6.012E-01   1.758E+00
    127           60       0   3.022E+11   1.294E+09   2.101E+01   7.527E-01   5.817E-10   1.805E+09   1.609E+09   1.194E+08   3.144E+08   6.357E-01   9.233E-01   2.662E+00   4.543E+00
    128           61       1   6.437E+11   5.567E+09   4.549E+02   3.371E-01   6.056E-11   8.846E+08   7.313E+08   8.643E+07   2.398E+08   2.187E+00   2.300E+00   2.996E+01   3.232E+01
    129           62       1   4.771E+11   5.294E+09   5.167E+01   1.335E+00   2.522E-10   4.344E+09   3.527E+09   1.369E+08   9.537E+08   2.048E+00   2.100E+00   3.304E+00   5.655E+00
    130           63       1   3.438E+11   4.490E+09   7.234E+01   1.173E+00   2.613E-10   4.028E+09   3.422E+09   1.349E+08   7.402E+08   1.889E+00   1.969E+00   4.013E+00   6.886E+00
    131           63       0   3.438E+11   2.941E+09   9.381E+01   6.611E-01   2.248E-10   5.813E+08   2.608E+08   1.961E+08   5.166E+08   2.179E+00   2.163E+00   2.393E+01   2.357E+01
    132           64       1   5.800E+11   1.392E+10   1.089E+03   6.856E-01   4.924E-11   1.640E+09   1.131E+09   8.745E+07   5.959E+08   6.046E+00   4.379E+00   6.916E+01   2.476E+00
    133           65       1   5.241E+11   5.415E+09   3.354E+02   1.914E+00   3.536E-10   3.862E+09   3.280E+09   4.768E+08   1.058E+09   2.032E+00   1.961E+00   4.350E+01   2.157E+01
    134           66       1   4.824E+11   6.870E+09   4.908E+01   2.127E+00   3.096E-10   6.922E+09   5.803E+09   2.609E+08   1.380E+09   1.890E+00   2.002E+00   1.744E+00   6.781E+00
    135           67       1   5.400E+11   8.568E+09   1.875E+02   2.036E+00   2.376E-10   2.569E+09   1.508E+09   4.888E+08   1.550E+09   2.347E+00   2.268E+00   1.438E+01   1.916E+01
    136           68       1   4.839E+11   4.005E+09   8.208E+01   1.460E+00   3.645E-10   7.220E+09   6.775E+09   2.702E+08   7.149E+08   2.036E+00   2.099E+00   8.703E+01   1.069E+01
    137           69       1   4.391E+11   1.009E+09   3.910E+01   3.103E-01   3.077E-10   1.188E+09   1.059E+09   7.990E+07   2.088E+08   1.302E+00   1.411E+00   1.815E+01   1.876E+01
    138           69       0   4.391E+11   1.567E+09   2.048E+01   6.609E-01   4.217E-10   1.536E+09   1.279E+09   9.928E+07   3.563E+08   9.341E-01   1.187E+00   1.699E+00   5.265E+00
    139           69       0   4.391E+11   1.086E+09   2.367E+01   3.214E-01   2.961E-10   1.148E+09   1.000E+09   2.853E+07   1.764E+08   1.040E+00   1.274E+00   8.424E-01   3.503E+00
    140           70       1   4.347E+11   8.387E+09   3.140E+02   1.473E+00   1.756E-10   3.607E+09   2.716E+09   2.240E+08   1.114E+09   3.147E+00   2.794E+00   6.389E+00   9.199E+00
    141           71       1   4.953E+11   1.178E+10   1.902E+03   2.636E+00   2.238E-10   2.449E+09   1.894E+09   7.687E+08   1.324E+09   4.419E+00   4.225E+00   1.774E+02   1.697E+02
    142           72       1   4.817E+11   1.007E+10   2.705E+02   1.523E+00   1.512E-10   3.624E+09   2.640E+09   1.394E+08   1.123E+09   3.551E+00   2.709E+00   3.523E+00   2.909E+00
    143           73       1   5.778E+11   1.032E+10   7.873E+02   3.765E-01   3.649E-11   1.189E+09   9.399E+08   1.562E+07   2.649E+08   1.852E+00   2.265E+00   6.073E-02   8.461E-01
    144           74       1   2.597E+11   4.621E+09   1.123E+03   1.127E+00   2.439E-10   7.559E+08   4.807E+08   3.201E+08   5.953E+08   3.775E+00   3.501E+00   2.453E+02   1.235E+02
    145           74       0   2.597E+11   3.179E+09   1.483E+02   3.160E-01   9.941E-11   1.611E+09   1.445E+09   5.223E+07   2.184E+08   2.901E+00   2.884E+00   5.821E+01   3.539E+00
    146           75       1   4.800E+11   8.524E+09   1.607E+02   1.136E+00   1.333E-10   1.743E+09   1.064E+09   2.756E+08   9.546E+08   2.940E+00   2.881E+00   7.731E+00   1.713E+01
    147           76       1   3.941E+11   4.426E+09   8.921E+01   1.150E+00   2.598E-10   2.499E+09   1.863E+09   1.511E+08   7.873E+08   1.793E+00   1.857E+00   4.920E+00   5.736E+00
    148           77       1   4.512E+11   7.115E+09   1.499E+02   1.478E+00   2.078E-10   4.350E+09   3.547E+09   1.444E+08   9.474E+08   2.905E+00   2.568E+00   3.069E+00   3.916E+00
    149           78       1   4.329E+11   4.714E+09   1.647E+02   1.801E+00   3.821E-10   3.409E+09   2.750E+09   4.349E+08   1.094E+09   1.686E+00   1.689E+00   3.569E+01   4.192E+01
    150           79       1   4.217E+11   1.045E+10   6.093E+02   1.469E+00   1.406E-10   2.842E+09   1.885E+09   2.268E+08   1.183E+09   4.316E+00   3.312E+00   1.604E+01   6.362E+00
    151           80       1   4.397E+11   7.270E+09   3.134E+02   1.437E+00   1.976E-10   4.104E+09   3.379E+09   1.705E+08   8.957E+08   2.628E+00   2.344E+00   4.782E+00   3.441E+00
    152           81       1   4.069E+11   3.687E+09   8.906E+01   7.226E-01   1.960E-10   3.456E+09   2.993E+09   8.182E+07   5.446E+08   2.376E+00   2.305E+00   3.580E+00   4.047E+00
    153           82       1   4.210E+11   4.788E+09   3.960E+01   1.198E+00   2.502E-10   4.890E+09   4.190E+09   1.216E+08   8.219E+08   2.280E+00   2.100E+00   3.826E+00   3.238E+00
    154           83       1   3.950E+11   4.876E+09   7.004E+01   2.544E+00   5.218E-10   5.276E+09   4.266E+09   4.534E+08   1.463E+09   1.416E+00   1.566E+00   5.400E+00   1.024E+01
    155           84       1   4.693E+11   8.863E+09   1.662E+02   1.760E+00   1.985E-10   2.944E+09   2.167E+09   5.021E+08   1.279E+09   2.794E+00   2.811E+00   4.973E+01   4.606E+01
    156           85       1   4.716E+11   1.026E+10   5.411E+02   1.139E+00   1.110E-10   1.572E+09   9.286E+08   2.135E+08   8.572E+08   3.564E+00   3.132E+00   1.568E+01   9.797E+00
    157           86       1   2.255E+11   1.945E+09   4.420E+01   7.038E-01   3.619E-10   2.104E+09   1.795E+09   1.054E+08   4.143E+08   1.422E+00   1.567E+00   4.795E+00   7.655E+00
    158           87       1   4.196E+11   7.212E+09   2.712E+02   1.820E+00   2.524E-10   3.923E+09   3.105E+09   2.830E+08   1.101E+09   2.258E+00   2.184E+00   4.003E+00   6.293E+00
    159           88       1   4.149E+11   6.336E+09   1.942E+02   1.357E+00   2.142E-10   2.283E+09   1.653E+09   3.410E+08   9.709E+08   2.611E+00   2.472E+00   2.359E+01   2.324E+01
    160           90       1   4.311E+11   5.849E+09   1.239E+02   8.256E-01   1.412E-10   3.742E+09   3.262E+09   5.155E+07   5.316E+08   3.118E+00   2.799E+00   5.977E-02   5.933E-01
    161           91       1   3.708E+11   8.320E+09   3.310E+02   1.277E+00   1.535E-10   4.962E+09   4.164E+09   1.282E+08   9.259E+08   3.587E+00   2.798E+00   5.484E+00   3.087E+00
    162           92       1   3.622E+11   4.421E+09   1.784E+02   1.646E+00   3.722E-10   2.521E+09   1.905E+09   3.886E+08   1.004E+09   1.547E+00   1.742E+00   6.804E+00   1.316E+01
    163           93       1   3.709E+11   4.027E+09   1.061E+02   1.080E+00   2.681E-10   2.378E+09   1.880E+09   2.224E+08   7.203E+08   1.810E+00   1.868E+00   2.709E+01   1.984E+01
    164           94       1   3.367E+11   4.703E+09   8.296E+01   1.482E+00   3.151E-10   2.722E+09   2.089E+09   3.136E+08   9.468E+08   1.973E+00   1.851E+00   3.636E+01   1.981E+01
    165           95       1   3.631E+11   6.160E+09   1.453E+03   1.202E+00   1.951E-10   1.779E+09   1.366E+09   3.249E+08   7.375E+08   3.445E+00   3.097E+00   6.711E+01   3.645E+01
    166           96       1   3.094E+11   3.809E+09   1.349E+02   8.833E-01   2.319E-10   2.444E+09   1.948E+09   1.102E+08   6.056E+08   1.847E+00   2.052E+00   2.296E+00   5.986E+00
    167           97       1   3.602E+11   7.255E+09   5.771E+02   1.708E+00   2.354E-10   1.581E+09   1.056E+09   5.245E+08   1.049E+09   2.563E+00   2.495E+00   1.166E+02   7.627E+01
    168           98       1   3.643E+11   4.656E+09   1.358E+02   1.665E+00   3.577E-10   1.693E+09   1.197E+09   5.708E+08   1.067E+09   1.675E+00   1.689E+00   3.862E+01   4.055E+01
    169           99       1   3.545E+11   7.496E+09   1.051E+03   1.893E+00   2.525E-10   1.927E+09   1.239E+09   5.337E+08   1.221E+09   2.791E+00   2.453E+00   2.027E+01   1.988E+01
    170          100       1   3.357E+11   1.156E+09   1.295E+01   7.788E-01   6.737E-10   4.149E+09   3.961E+09   7.914E+07   2.669E+08   8.196E-01   1.111E+00   8.995E-01   1.765E+00
    171          101       1   2.449E+11   3.439E+09   9.108E+01   9.984E-01   2.903E-10   1.833E+09   1.381E+09   2.078E+08   6.595E+08   1.519E+00   1.693E+00   1.421E+01   1.430E+01
    172          102       1   3.379E+11   4.862E+09   9.191E+01   8.802E-01   1.810E-10   2.073E+09   1.506E+09   8.961E+07   6.569E+08   2.443E+00   2.314E+00   1.035E+00   3.434E+00
    173          103       1   3.094E+11   4.607E+09   8.947E+01   1.382E+00   2.998E-10   3.012E+09   2.330E+09   2.317E+08   9.132E+08   1.814E+00   1.804E+00   1.434E+01   1.347E+01
    174          104       1   2.900E+11   4.083E+09   1.320E+02   8.967E-01   2.196E-10   2.125E+09   1.630E+09   1.230E+08   6.188E+08   2.398E+00   2.269E+00   1.698E+01   8.479E+00
    175          105       1   3.376E+11   5.625E+09   6.478E+02   9.934E-01   1.766E-10   7.466E+08   4.869E+08   3.316E+08   5.912E+08   2.776E+00   2.742E+00   1.227E+02   9.887E+01
    176          106       1   3.373E+11   4.382E+09   1.631E+02   8.317E-01   1.898E-10   2.480E+09   2.099E+09   1.587E+08   5.394E+08   2.767E+00   2.589E+00   4.108E+01   1.708E+01
    177          107       1   3.210E+11   4.454E+09   4.823E+01   1.522E+00   3.416E-10   3.968E+09   3.202E+09   2.085E+08   9.740E+08   1.743E+00   1.725E+00   3.718E+00   7.041E+00
    178          108       1   3.219E+11   6.072E+09   6.588E+02   2.745E-01   4.521E-11   2.697E+08   1.184E+08   7.446E+07   2.257E+08   3.577E+00   3.561E+00   1.735E+01   2.073E+01
    179          109       1   3.190E+11   3.543E+09   3.684E+01   9.260E-01   2.613E-10   2.870E+09   2.364E+09   9.468E+07   6.004E+08   1.896E+00   1.875E+00   3.963E+00   4.424E+00
    180          111       1   3.192E+11   5.178E+09   1.640E+02   9.685E-01   1.871E-10   1.774E+09   1.151E+09   1.276E+08   7.509E+08   2.487E+00   2.398E+00   2.416E+00   6.760E+00
    181          112       1   2.880E+11   2.578E+09   1.552E+01   6.506E-01   2.524E-10   5.523E+09   5.181E+09   4.215E+07   3.835E+08   1.585E+00   1.734E+00   2.540E-01   1.190E+00
    182          113       1   1.763E+11   1.456E+09   2.819E+01   3.539E-01   2.430E-10   1.174E+09   1.023E+09   5.695E+07   2.081E+08   1.394E+00   1.594E+00   1.307E+01   2.558E+00
    183          114       1   2.850E+11   2.778E+09   1.245E+02   6.591E-01   2.372E-10   2.199E+09   1.905E+09   1.343E+08   4.276E+08   1.433E+00   1.662E+00   9.457E+00   1.426E+01
    184          115       1   2.692E+11   2.342E+09   4.419E+01   5.377E-01   2.296E-10   3.481E+09   3.179E+09   5.646E+07   3.581E+08   1.968E+00   1.873E+00   3.260E+00   4.404E+00
    185          116       1   2.914E+11   6.441E+09   8.507E+02   2.637E-01   4.095E-11   5.198E+08   4.554E+08   9.922E+07   1.637E+08   3.384E+00   3.375E+00   9.156E+01   9.691E+01
    186          117       1   2.696E+11   3.005E+09   9.348E+01   9.781E-01   3.255E-10   2.383E+09   1.961E+09   2.027E+08   6.251E+08   1.621E+00   1.676E+00   1.548E+01   1.802E+01
    187          118       1   2.858E+11   1.670E+09   3.990E+01   6.794E-01   4.068E-10   1.300E+09   1.107E+09   2.109E+08   4.041E+08   1.129E+00   1.193E+00   7.026E+01   5.672E+01
    188          120       1   2.727E+11   5.165E+09   1.755E+02   1.139E+00   2.206E-10   1.419E+09   8.167E+08   2.678E+08   8.697E+08   2.289E+00   2.234E+00   9.133E+00   1.272E+01
    189          121       1   2.388E+11   1.826E+09   3.419E+01   5.917E-01   3.241E-10   3.393E+09   3.180E+09   5.928E+07   2.727E+08   1.133E+00   1.411E+00   8.684E-01   2.190E+00
    190          122       1   2.565E+11   2.173E+09   4.374E+01   8.587E-01   3.951E-10   1.490E+09   1.122E+09   1.805E+08   5.492E+08   1.136E+00   1.259E+00   1.657E+01   2.349E+01
    191          123       1   2.172E+11   1.193E+09   1.347E+01   4.361E-01   3.655E-10   2.638E+09   2.506E+09   6.249E+07   1.942E+08   9.110E-01   1.089E+00   6.411E+00   8.990E+00
    192          124       1   2.563E+11   1.166E+09   1.988E+01   5.800E-01   4.975E-10   2.976E+09   2.806E+09   6.173E+07   2.320E+08   9.059E-01   1.234E+00   5.486E-01   1.748E+00
    193          125       1   2.622E+11   2.867E+09   2.072E+01   3.659E-01   1.276E-10   2.031E+09   1.799E+09   1.447E+07   2.465E+08   1.833E+00   2.118E+00   3.853E-02   5.650E-01
    194          127       1   2.353E+11   2.103E+09   5.436E+01   7.879E-01   3.747E-10   3.435E+09   3.125E+09   9.236E+07   4.027E+08   1.465E+00   1.585E+00   2.148E+00   5.997E+00
    195          128       1   2.488E+11   2.451E+09   1.177E+02   6.201E-01   2.531E-10   1.080E+09   8.498E+08   1.432E+08   3.731E+08   1.464E+00   1.578E+00   3.341E+01   1.785E+01
    196          129       1   2.099E+11   1.477E+09   6.128E+01   3.621E-01   2.451E-10   1.792E+09   1.645E+09   7.839E+07   2.254E+08   1.501E+00   1.584E+00   2.055E+01   2.728E+01
    197          130       1   2.639E+11   3.017E+09   4.044E+01   6.631E-01   2.198E-10   2.601E+09   2.242E+09   4.245E+07   4.014E+08   1.979E+00   2.037E+00   3.597E-01   1.737E+00
    198          131       1   1.738E+11   1.121E+09   2.426E+01   5.066E-01   4.520E-10   1.585E+09   1.404E+09   6.217E+07   2.426E+08   9.005E-01   1.160E+00   1.777E+00   3.590E+00
    199          132       1   2.456E+11   2.737E+09   8.756E+01   8.376E-01   3.060E-10   1.151E+09   7.494E+08   1.964E+08   5.981E+08   1.672E+00   1.784E+00   1.444E+01   2.063E+01
    200          133       1   2.395E+11   1.119E+09   1.118E+01   4.525E-01   4.046E-10   3.052E+09   2.922E+09   3.467E+07   1.654E+08   7.841E-01   1.200E+00   1.027E-01   8.215E-01
    201          134       1   2.447E+11   3.160E+09   9.881E+01   5.604E-01   1.774E-10   2.888E+09   2.629E+09   6.370E+07   3.226E+08   2.246E+00   2.135E+00   1.811E+01   2.725E+00
    202          136       1   2.387E+11   3.117E+09   8.773E+01   9.057E-01   2.906E-10   1.073E+09   7.003E+08   2.628E+08   6.358E+08   1.466E+00   1.606E+00   1.611E+01   2.450E+01
    203          137       1   1.958E+11   1.261E+09   3.265E+01   2.696E-01   2.139E-10   1.262E+09   1.110E+09   3.985E+07   1.923E+08   1.400E+00   1.581E+00   2.241E+00   7.880E+00
    204          138       1   2.036E+11   1.232E+09   1.917E+01   2.453E-01   1.990E-10   2.813E+09   2.697E+09   1.284E+07   1.295E+08   1.517E+00   1.850E+00   1.969E-02   3.045E-01
    205          139       1   2.406E+11   2.947E+09   1.654E+02   7.487E-01   2.540E-10   9.931E+08   6.872E+08   1.662E+08   4.721E+08   1.823E+00   1.817E+00   4.304E+01   1.692E+01
    206          140       1   1.746E+11   1.154E+09   3.148E+01   3.992E-01   3.458E-10   1.368E+09   1.217E+09   4.159E+07   1.927E+08   7.082E-01   1.393E+00   4.501E-01   1.742E+00
    207          141       1   2.097E+11   1.418E+09   3.150E+01   6.077E-01   4.286E-10   2.181E+09   1.954E+09   7.662E+07   3.037E+08   1.051E+00   1.265E+00   2.213E+00   4.115E+00
    208          142       1   2.084E+11   1.491E+09   2.789E+01   2.873E-01   1.926E-10   1.143E+09   1.001E+09   3.486E+07   1.761E+08   1.206E+00   1.437E+00   1.190E+00   4.185E+00
    209          144       1   2.070E+11   1.403E+09   1.532E+01   7.751E-01   5.524E-10   3.250E+09   3.021E+09   7.301E+07   3.021E+08   8.980E-01   1.230E+00   3.440E-01   1.458E+00
    210          145       1   1.987E+11   1.506E+09   3.839E+01   5.202E-01   3.455E-10   1.547E+09   1.303E+09   6.187E+07   3.058E+08   1.098E+00   1.335E+00   1.994E+00   4.845E+00
    211          146       1   2.140E+11   1.705E+09   7.483E+01   3.773E-01   2.213E-10   7.943E+08   6.080E+08   6.400E+07   2.503E+08   1.132E+00   1.414E+00   8.558E+00   8.465E+00
    212          147       1   2.399E+11   1.150E+09   4.981E+01   2.627E-01   2.284E-10   8.925E+08   7.770E+08   3.609E+07   1.516E+08   1.119E+00   1.288E+00   3.790E+00   6.464E+00
    213          151       1   2.115E+11   3.105E+09   1.023E+02   6.544E-01   2.107E-10   1.743E+09   1.423E+09   7.420E+07   3.945E+08   2.092E+00   2.024E+00   2.689E+00   2.959E+00
    214          152       1   1.935E+11   1.253E+09   2.682E+01   6.273E-01   5.007E-10   1.284E+09   1.083E+09   1.054E+08   3.068E+08   7.276E-01   1.032E+00   1.835E+00   4.087E+00
    215          153       1   1.698E+11   1.092E+09   2.218E+01   4.020E-01   3.683E-10   1.453E+09   1.293E+09   6.200E+07   2.224E+08   9.420E-01   1.163E+00   4.516E+00   4.666E+00
    216          155       1   1.928E+11   2.034E+09   1.303E+02   3.324E-01   1.634E-10   1.646E+09   1.482E+09   5.978E+07   2.231E+08   1.806E+00   1.839E+00   1.425E+01   1.590E+01
    217          156       1   1.934E+11   1.928E+09   1.982E+01   2.126E-01   1.103E-10   1.570E+09   1.429E+09   9.588E+06   1.507E+08   1.916E+00   2.131E+00   2.086E-01   6.092E-01
    218          158       1   1.702E+11   1.823E+09   4.930E+01   4.387E-01   2.406E-10   1.069E+09   8.425E+08   5.829E+07   2.850E+08   1.695E+00   1.807E+00   4.760E+00   2.485E+00
    219          159       1   1.852E+11   1.254E+09   1.671E+01   3.484E-01   2.778E-10   1.534E+09   1.369E+09   2.385E+07   1.886E+08   1.079E+00   1.470E+00   2.147E-01   1.509E+00
    220          160       1   1.745E+11   1.890E+09   3.875E+01   4.908E-01   2.597E-10   1.053E+09   8.178E+08   8.541E+07   3.208E+08   1.344E+00   1.557E+00   2.420E+00   6.679E+00
    221          161       1   1.932E+11   2.527E+09   1.436E+02   5.326E-01   2.107E-10   8.858E+08   6.735E+08   1.552E+08   3.675E+08   1.884E+00   1.950E+00   7.646E+01   5.287E+01
    222          164       1   1.658E+11   1.235E+09   2.582E+01   3.136E-01   2.539E-10   1.593E+09   1.453E+09   6.151E+07   2.010E+08   1.337E+00   1.400E+00   2.574E+01   1.618E+01
    223          167       1   1.785E+11   1.156E+09   4.077E+01   2.577E-01   2.229E-10   1.134E+09   1.005E+09   2.946E+07   1.583E+08   1.042E+00   1.556E+00   1.061E+00   3.268E+00
    224          169       1   1.734E+11   1.495E+09   1.118E+02   2.610E-01   1.745E-10   1.077E+09   9.747E+08   6.981E+07   1.722E+08   1.845E+00   1.880E+00   5.196E+01   3.975E+01
    225          170       1   1.237E+11   1.050E+09   5.202E+01   2.004E-01   1.909E-10   4.415E+08   3.478E+08   2.936E+07   1.231E+08   1.220E+00   1.586E+00   1.945E+00   4.211E+00
    226          172       1   1.616E+11   1.099E+09   3.489E+01   2.445E-01   2.224E-10   6.118E+08   5.006E+08   5.400E+07   1.652E+08   1.211E+00   1.434E+00   1.785E+01   1.884E+01
    227          173       1   1.602E+11   1.541E+09   4.650E+01   3.459E-01   2.244E-10   2.177E+09   2.017E+09   6.451E+07   2.247E+08   1.263E+00   1.379E+00   9.066E+00   1.256E+01
    228          175       1   1.501E+11   1.236E+09   3.652E+01   2.935E-01   2.376E-10   2.511E+09   2.385E+09   2.965E+07   1.557E+08   1.215E+00   1.450E+00   2.778E+00   1.127E+00
    229          182       1   1.594E+11   1.314E+09   6.642E+01   3.059E-01   2.328E-10   6.172E+08   4.617E+08   4.902E+07   2.045E+08   1.454E+00   1.568E+00   5.846E+00   1.070E+01
    230          183       1   1.507E+11   1.219E+09   2.679E+01   4.079E-01   3.345E-10   1.059E+09   8.806E+08   4.953E+07   2.275E+08   1.094E+00   1.355E+00   2.757E+00   3.292E+00
    231          184       1   1.622E+11   2.330E+09   7.021E+01   3.763E-01   1.615E-10   7.155E+08   4.884E+08   5.273E+07   2.799E+08   1.723E+00   1.954E+00   5.080E+00   6.354E+00
    232          185       1   1.529E+11   1.809E+09   3.594E+01   3.462E-01   1.914E-10   1.198E+09   9.901E+08   1.934E+07   2.274E+08   1.729E+00   1.984E+00   1.126E-01   1.148E+00
    233          188       1   1.589E+11   1.318E+09   4.143E+01   3.901E-01   2.959E-10   6.068E+08   4.560E+08   9.928E+07   2.502E+08   1.245E+00   1.354E+00   2.052E+01   1.975E+01
    234          194       1   1.539E+11   1.602E+09   8.014E+01   2.299E-01   1.435E-10   3.023E+08   1.521E+08   4.173E+07   1.919E+08   2.055E+00   2.157E+00   9.581E+00   1.222E+01
    235          202       1   1.234E+11   1.378E+09   3.425E+01   3.637E-01   2.639E-10   9.213E+08   7.242E+08   4.093E+07   2.380E+08   1.417E+00   1.652E+00   1.029E+00   3.864E+00
    236          203       1   1.119E+11   1.741E+09   3.876E+01   4.452E-01   2.557E-10   1.424E+09   1.226E+09   5.338E+07   2.522E+08   1.092E+00   1.387E+00   9.681E-01   4.079E+00
    237          204       1   1.333E+11   1.010E+09   3.136E+01   2.905E-01   2.875E-10   5.127E+08   3.993E+08   6.744E+07   1.808E+08   1.037E+00   1.196E+00   2.006E+01   1.697E+01
    238          222       1   1.083E+11   1.012E+09   1.488E+01   2.315E-01   2.288E-10   1.373E+09   1.275E+09   1.175E+07   1.094E+08   1.005E+00   1.486E+00   2.933E-02   4.400E-01
    239          224       1   1.263E+11   1.141E+09   6.800E+01   1.171E-01   1.026E-10   2.055E+08   1.326E+08   2.246E+07   9.529E+07   2.100E+00   2.143E+00   4.487E+00   1.399E+01
    240          231       1   1.226E+11   1.137E+09   1.197E+01   1.762E-01   1.549E-10   7.933E+08   6.972E+08   7.164E+06   1.032E+08   1.315E+00   1.693E+00   3.727E-02   4.172E-01
    241          257       1   1.119E+11   1.083E+09   6.473E+01   7.798E-02   7.203E-11   9.253E+07   4.515E+07   1.929E+07   6.667E+07   1.758E+00   1.832E+00   6.557E+00   1.459E+01
    242          360       1   6.992E+10   1.654E+09   8.354E+01   1.483E-01   8.965E-11   2.092E+08   9.299E+07   2.240E+07   1.386E+08   2.534E+00   2.493E+00   3.022E+00   9.860E+00
