# Eagle run L0025N0752/RECALIBRATED snapshot_019_z001p004
# number of galaxies = 189
# SubIndex; GroupNumber; IsCentral; M200 of host [Msun]; M*,30pkpc [Msun]; Sigma_*,r1/2 [Msun ppc^-2]; SFR [Msun yr^-1]; sSFR [yr^-1];
#    M_HI_BR06 [Msun]; M_HI_GK11 [Msun]; M_H2_BR06 [Msun]; M_H2_GK11 [Msun]; MMW ZH2_BR06_rhalf [Zsun]; MMW ZH2_GK11_rhalf [Zsun]; SigmaH2_BR06,r1/2 [Msun ppc^-2]; SigmaH2_GK11,r1/2 [Msun ppc^-2]
      0            0       1   7.386E+12   4.617E+10   7.123E+02   2.211E+00   4.790E-11   8.929E+09   8.759E+09   9.692E+08   1.139E+09   3.895E-01   1.105E+00   1.724E-01   2.482E-01
      1            0       0   7.386E+12   3.553E+09   5.973E+01   2.175E+00   6.121E-10   4.490E+09   3.861E+09   2.780E+08   9.073E+08   1.259E+00   1.541E+00   1.417E+00   6.393E+00
      2            0       0   7.386E+12   9.691E+09   1.039E+03   3.455E+00   3.565E-10   2.617E+09   1.321E+09   9.367E+08   2.233E+09   2.921E+00   2.464E+00   5.249E+01   3.608E+01
      3            0       0   7.386E+12   1.342E+10   1.443E+03   6.116E+00   4.559E-10   9.018E+08   2.363E+08   2.099E+09   2.765E+09   3.556E+00   3.435E+00   3.023E+02   2.402E+02
      4            0       0   7.386E+12   3.334E+09   1.180E+02   1.412E+00   4.235E-10   3.427E+09   2.868E+09   2.262E+08   7.848E+08   1.489E+00   1.597E+00   3.695E+00   6.447E+00
      5            0       0   7.386E+12   4.349E+09   9.160E+02   2.229E+00   5.126E-10   3.739E+08   1.330E+08   7.437E+08   9.846E+08   3.202E+00   3.150E+00   4.713E+02   3.972E+02
      6            0       0   7.386E+12   2.974E+09   1.715E+02   2.973E+00   9.996E-10   1.101E+09   6.794E+08   1.197E+09   1.619E+09   1.314E+00   1.405E+00   6.306E+01   7.680E+01
      7            1       1   3.984E+12   3.947E+10   9.588E+02   1.738E+01   4.403E-10   9.728E+09   8.797E+09   3.838E+09   4.769E+09   4.083E+00   3.753E+00   2.276E+03   7.570E+02
      8            1       0   3.984E+12   1.067E+09   1.628E+01   1.949E-01   1.827E-10   5.547E+08   4.733E+08   1.109E+07   9.243E+07   1.306E+00   1.548E+00   2.720E-01   2.031E+00
      9            1       0   3.984E+12   1.180E+09   7.449E+01   6.005E-01   5.088E-10   1.121E+09   1.015E+09   1.345E+08   2.407E+08   6.507E-01   1.008E+00   4.435E+00   6.682E+00
     10            2       1   3.204E+12   4.888E+10   4.118E+04   2.248E+00   4.679E-11   5.050E+09   4.668E+09   4.581E+08   8.409E+08   5.822E+00   3.961E+00   5.408E+00   6.861E+00
     11            2       0   3.204E+12   3.700E+09   7.398E+02   5.417E-01   1.464E-10   1.088E+08   1.804E+07   2.046E+08   2.954E+08   3.913E+00   3.866E+00   1.441E+02   1.576E+02
     12            3       1   2.532E+12   3.652E+10   1.186E+04   1.022E+01   2.826E-10   8.867E+09   7.431E+09   3.177E+09   4.613E+09   3.791E+00   3.206E+00   7.592E+01   7.488E+01
     13            3       0   2.532E+12   2.841E+09   1.357E+02   1.214E+00   4.274E-10   1.497E+09   1.115E+09   2.910E+08   6.736E+08   1.202E+00   1.337E+00   1.643E+01   2.381E+01
     14            4       1   2.758E+12   2.349E+10   5.456E+02   7.807E+00   3.323E-10   9.303E+09   6.346E+09   2.171E+09   5.128E+09   2.244E+00   2.152E+00   1.668E+01   2.400E+01
     15            4       0   2.758E+12   1.588E+10   1.607E+03   9.977E+00   6.282E-10   2.298E+09   1.607E+09   3.490E+09   4.181E+09   2.394E+00   2.346E+00   3.589E+02   3.427E+02
     16            4       0   2.758E+12   1.269E+09   2.300E+01   7.436E-01   5.859E-10   1.192E+09   9.409E+08   1.359E+08   3.869E+08   9.015E-01   1.026E+00   7.893E+00   1.425E+01
     17            5       1   1.710E+12   3.965E+10   1.557E+04   4.357E+00   1.106E-10   3.729E+09   2.591E+09   9.740E+08   2.112E+09   5.566E+00   3.773E+00   2.145E+02   1.916E+01
     18            5       0   1.710E+12   1.120E+10   6.364E+02   5.024E+00   4.487E-10   5.621E+09   3.987E+09   1.337E+09   2.971E+09   2.475E+00   2.201E+00   5.192E+01   3.661E+01
     19            5       0   1.710E+12   1.191E+09   8.129E+01   7.090E-01   5.951E-10   1.346E+09   1.206E+09   1.316E+08   2.712E+08   7.733E-01   1.012E+00   9.254E+00   1.062E+01
     20            6       1   2.423E+12   1.341E+10   8.442E+02   7.623E+00   5.686E-10   6.759E+09   5.428E+09   2.617E+09   3.948E+09   2.170E+00   2.112E+00   2.526E+02   1.781E+02
     21            6       0   2.423E+12   9.572E+09   1.789E+03   6.858E+00   7.164E-10   8.904E+08   5.748E+08   1.859E+09   2.175E+09   2.124E+00   2.137E+00   1.173E+03   1.161E+03
     22            6       0   2.423E+12   2.216E+09   9.641E+01   4.833E-01   2.181E-10   5.401E+08   2.579E+08   8.985E+07   3.721E+08   1.643E+00   1.729E+00   1.033E+01   1.990E+01
     23            6       0   2.423E+12   2.155E+09   7.297E+01   9.208E-01   4.274E-10   1.423E+09   1.053E+09   1.362E+08   5.055E+08   1.186E+00   1.330E+00   7.872E+00   1.118E+01
     24            6       0   2.423E+12   1.285E+09   3.896E+01   7.976E-01   6.206E-10   1.185E+09   9.834E+08   1.637E+08   3.658E+08   7.601E-01   1.014E+00   6.455E+00   9.108E+00
     25            7       1   2.098E+12   3.555E+10   1.790E+03   5.938E-01   1.670E-11   2.733E+09   2.429E+09   1.357E+08   4.400E+08   2.898E+00   2.588E+00   3.764E+01   1.451E+01
     26            8       1   2.006E+12   3.190E+10   6.916E+03   1.116E+01   3.519E-10   4.954E+09   4.453E+09   3.035E+09   3.536E+09   3.757E+00   3.631E+00   7.552E+02   6.607E+02
     27            9       1   2.010E+12   4.754E+10   3.209E+04   1.125E+01   2.331E-10   3.274E+09   3.290E+09   1.326E+09   1.310E+09   5.587E+00   5.606E+00   5.291E+03   5.337E+03
     28           10       1   1.339E+12   1.536E+10   5.700E+03   3.893E-01   2.540E-11   2.350E+09   2.174E+09   2.603E+07   2.017E+08   8.321E-01   1.674E+00   1.025E-02   5.908E-02
     29           10       0   1.339E+12   1.742E+09   9.192E+01   7.760E-01   4.453E-10   1.445E+09   1.278E+09   2.474E+08   4.148E+08   1.114E+00   1.136E+00   6.139E+01   7.469E+01
     30           10       0   1.339E+12   3.848E+09   2.371E+02   7.476E-01   1.943E-10   1.089E+09   7.236E+08   1.164E+08   4.813E+08   2.074E+00   2.117E+00   1.379E+01   1.455E+01
     31           10       0   1.339E+12   1.703E+09   1.332E+02   5.486E-01   3.221E-10   5.578E+08   2.697E+08   1.114E+08   3.994E+08   1.609E+00   1.718E+00   1.139E+01   1.885E+01
     32           11       1   1.894E+12   4.268E+10   2.915E+03   9.240E+00   2.165E-10   5.047E+09   3.383E+09   3.162E+09   4.826E+09   3.990E+00   3.515E+00   1.286E+02   1.161E+02
     33           12       1   1.599E+12   2.503E+10   1.901E+04   1.019E+00   4.070E-11   1.302E+09   1.268E+09   2.400E+08   2.747E+08   3.770E+00   3.927E+00   6.755E+02   7.362E+02
     34           13       1   1.740E+12   4.231E+10   9.636E+03   1.118E+01   2.659E-10   4.893E+09   3.626E+09   3.706E+09   4.974E+09   3.404E+00   3.073E+00   1.356E+02   1.063E+02
     35           14       1   2.063E+12   1.940E+10   5.591E+03   5.387E-01   2.777E-11   4.080E+09   3.953E+09   1.469E+08   2.743E+08   2.194E+00   2.082E+00   6.806E-01   2.358E-01
     36           15       1   1.935E+12   4.258E+10   8.566E+03   6.482E+00   1.524E-10   4.051E+09   3.036E+09   2.028E+09   3.044E+09   4.884E+00   4.161E+00   9.288E+01   7.549E+01
     37           16       1   1.392E+12   1.437E+10   2.534E+03   1.982E+00   1.379E-10   4.502E+09   3.563E+09   3.286E+08   1.268E+09   3.455E+00   2.774E+00   1.330E+01   5.877E+00
     38           16       0   1.392E+12   7.087E+09   4.681E+02   4.798E+00   6.771E-10   5.224E+09   4.463E+09   1.429E+09   2.189E+09   1.772E+00   1.758E+00   2.235E+02   1.590E+02
     39           17       1   1.032E+12   1.115E+10   5.184E+02   9.111E+00   8.168E-10   6.784E+09   5.287E+09   2.774E+09   4.271E+09   2.041E+00   1.903E+00   1.995E+02   1.709E+02
     40           17       0   1.032E+12   1.754E+09   2.564E+01   9.959E-01   5.678E-10   2.542E+09   2.383E+09   1.494E+08   3.080E+08   5.129E-01   9.247E-01   5.275E+00   5.168E+00
     41           18       1   1.383E+12   2.295E+10   1.523E+03   5.507E+00   2.400E-10   3.788E+09   2.302E+09   1.940E+09   3.426E+09   1.786E+00   1.833E+00   2.804E+01   3.652E+01
     42           19       1   1.062E+12   1.547E+10   1.419E+03   1.049E+00   6.779E-11   5.074E+08   4.145E+08   3.723E+08   4.652E+08   2.925E+00   3.009E+00   2.208E+02   2.244E+02
     43           19       0   1.062E+12   2.989E+09   1.032E+02   3.188E+00   1.067E-09   2.858E+09   2.514E+09   1.031E+09   1.375E+09   7.214E-01   8.173E-01   1.631E+02   1.239E+02
     44           20       1   1.315E+12   2.223E+10   4.229E+02   4.754E+00   2.138E-10   1.015E+10   7.424E+09   6.049E+08   3.332E+09   3.147E+00   2.675E+00   2.681E+00   7.054E+00
     45           21       1   1.494E+12   2.701E+10   3.626E+03   4.357E-02   1.613E-12   6.437E+07   5.759E+07   5.526E+06   1.231E+07   2.621E+00   2.775E+00   4.819E+01   3.577E-03
     46           22       1   1.264E+12   1.130E+10   3.638E+02   4.855E+00   4.296E-10   9.438E+09   7.924E+09   1.129E+09   2.643E+09   2.473E+00   2.070E+00   2.667E+01   1.595E+01
     47           23       1   9.592E+11   8.966E+09   1.597E+02   3.360E+00   3.747E-10   5.832E+09   4.325E+09   5.224E+08   2.029E+09   2.122E+00   2.099E+00   3.825E+00   8.168E+00
     48           23       0   9.592E+11   2.630E+09   1.043E+02   1.569E+00   5.965E-10   3.897E+09   3.491E+09   3.687E+08   7.743E+08   1.152E+00   1.291E+00   2.455E+01   3.306E+01
     49           23       0   9.592E+11   3.526E+09   1.008E+02   1.647E+00   4.670E-10   3.989E+09   3.431E+09   2.555E+08   8.140E+08   1.520E+00   1.614E+00   5.158E+00   7.522E+00
     50           24       1   1.111E+12   1.697E+10   1.539E+04   3.285E+00   1.941E-10   6.685E+09   6.203E+09   6.746E+08   1.157E+09   4.711E+00   3.688E+00   1.621E+02   3.254E+01
     51           25       1   1.199E+12   1.255E+10   6.848E+02   3.615E+00   2.881E-10   4.641E+09   3.539E+09   9.829E+08   2.085E+09   1.802E+00   1.841E+00   2.066E+01   2.281E+01
     52           26       1   1.115E+12   1.899E+10   6.106E+03   4.022E+00   2.137E-10   7.522E+09   6.563E+09   9.673E+08   1.927E+09   4.166E+00   3.185E+00   4.207E+01   2.341E+01
     53           27       1   7.836E+11   1.592E+10   7.121E+03   1.766E+00   1.110E-10   1.219E+09   9.830E+08   5.883E+08   8.247E+08   2.841E+00   2.677E+00   1.223E+02   9.251E+01
     54           27       0   7.836E+11   2.039E+09   9.448E+01   1.080E+00   5.298E-10   1.347E+09   1.093E+09   2.866E+08   5.409E+08   1.109E+00   1.210E+00   6.669E+01   3.305E+01
     55           28       1   1.068E+12   1.365E+10   2.395E+03   6.438E+00   4.717E-10   7.810E+09   6.306E+09   1.593E+09   3.097E+09   2.922E+00   2.343E+00   1.052E+02   2.689E+01
     56           28       0   1.068E+12   2.729E+09   2.019E+02   7.016E-01   2.571E-10   3.695E+08   1.678E+08   2.539E+08   4.556E+08   2.006E+00   2.052E+00   6.167E+01   8.058E+01
     57           29       1   9.687E+11   1.668E+10   6.342E+02   3.802E+00   2.280E-10   6.349E+09   4.511E+09   6.210E+08   2.460E+09   4.077E+00   3.097E+00   2.121E+01   1.098E+01
     58           30       1   3.545E+11   2.366E+09   3.487E+01   1.090E+00   4.606E-10   2.626E+09   2.280E+09   1.651E+08   5.110E+08   9.286E-01   1.222E+00   1.840E+00   5.326E+00
     59           30       0   3.545E+11   1.789E+09   6.305E+01   8.385E-01   4.687E-10   1.820E+09   1.547E+09   1.299E+08   4.019E+08   1.087E+00   1.343E+00   2.086E+00   6.475E+00
     60           31       1   7.346E+11   5.169E+09   1.991E+02   3.652E+00   7.064E-10   3.746E+09   3.076E+09   1.205E+09   1.876E+09   1.411E+00   1.391E+00   1.325E+02   1.244E+02
     61           31       0   7.346E+11   2.705E+09   9.986E+01   1.364E+00   5.040E-10   2.163E+09   1.720E+09   2.488E+08   6.912E+08   1.156E+00   1.317E+00   9.249E+00   1.692E+01
     62           32       1   8.968E+11   1.022E+10   2.457E+03   1.096E+01   1.072E-09   1.583E+09   1.210E+09   3.160E+09   3.532E+09   2.410E+00   2.362E+00   1.286E+03   1.184E+03
     63           32       0   8.968E+11   2.765E+09   1.252E+02   1.641E+00   5.937E-10   3.567E+09   3.240E+09   3.013E+08   6.286E+08   1.341E+00   1.552E+00   2.893E+00   7.995E+00
     64           33       1   4.743E+11   8.194E+09   1.790E+03   2.019E+00   2.464E-10   3.775E+09   3.233E+09   4.895E+08   1.031E+09   3.835E+00   3.364E+00   1.121E+02   5.521E+01
     65           33       0   4.743E+11   8.148E+09   1.073E+03   2.270E+00   2.786E-10   3.065E+09   2.301E+09   4.818E+08   1.246E+09   3.306E+00   2.767E+00   2.897E+01   1.469E+01
     66           34       1   9.884E+11   2.847E+10   1.435E+04   2.213E+00   7.828E-11   2.150E+09   1.352E+09   4.992E+08   1.298E+09   6.436E+00   4.571E+00   9.776E+01   1.703E+01
     67           35       1   8.808E+11   1.223E+10   6.444E+02   4.886E+00   3.995E-10   5.321E+09   4.011E+09   1.409E+09   2.720E+09   2.579E+00   2.410E+00   8.063E+01   7.131E+01
     68           36       1   4.853E+11   5.621E+09   4.722E+02   3.390E+00   6.031E-10   3.855E+09   3.212E+09   9.174E+08   1.561E+09   2.257E+00   2.109E+00   2.563E+02   9.751E+01
     69           36       0   4.853E+11   2.081E+09   1.663E+02   1.207E+00   5.801E-10   1.449E+09   1.253E+09   3.640E+08   5.597E+08   1.039E+00   1.283E+00   1.999E+01   3.039E+01
     70           37       1   7.772E+11   1.338E+10   1.589E+02   5.516E+00   4.122E-10   7.684E+09   5.527E+09   1.182E+09   3.340E+09   1.667E+00   1.971E+00   4.365E+00   1.097E+01
     71           38       1   5.896E+11   3.620E+09   1.169E+02   3.065E+00   8.466E-10   2.895E+09   2.451E+09   8.785E+08   1.322E+09   1.208E+00   1.206E+00   2.943E+02   1.606E+02
     72           39       1   7.386E+11   1.364E+10   1.397E+04   4.205E+00   3.082E-10   2.204E+09   2.126E+09   8.504E+08   9.280E+08   5.183E+00   5.184E+00   1.499E+03   1.493E+03
     73           40       1   7.912E+11   1.504E+10   9.263E+02   4.239E+00   2.819E-10   5.373E+09   3.465E+09   7.777E+08   2.686E+09   3.678E+00   2.700E+00   2.371E+01   1.085E+01
     74           41       1   7.547E+11   9.487E+09   5.444E+02   2.331E+00   2.457E-10   3.910E+09   3.294E+09   4.995E+08   1.116E+09   2.538E+00   2.588E+00   1.893E+02   1.120E+01
     75           42       1   3.720E+11   5.596E+09   4.246E+02   4.122E+00   7.366E-10   3.037E+09   2.331E+09   1.343E+09   2.049E+09   1.482E+00   1.490E+00   9.734E+01   8.026E+01
     76           43       1   4.614E+11   2.790E+09   1.375E+02   2.635E+00   9.444E-10   3.590E+09   3.280E+09   8.344E+08   1.144E+09   9.964E-01   1.084E+00   1.682E+02   1.116E+02
     77           43       0   4.614E+11   2.926E+09   3.891E+01   1.722E+00   5.887E-10   2.245E+09   1.719E+09   3.526E+08   8.782E+08   9.587E-01   1.084E+00   1.149E+01   1.648E+01
     78           44       1   7.204E+11   8.871E+09   2.493E+02   3.137E+00   3.536E-10   3.734E+09   2.522E+09   7.084E+08   1.920E+09   1.850E+00   1.815E+00   1.578E+01   2.185E+01
     79           44       0   7.204E+11   1.090E+09   4.459E+01   3.222E-01   2.957E-10   5.363E+08   4.279E+08   7.037E+07   1.788E+08   9.682E-01   1.112E+00   9.211E+00   1.518E+01
     80           45       1   7.423E+11   6.271E+09   4.604E+02   5.635E-01   8.986E-11   1.222E+09   1.080E+09   8.561E+07   2.279E+08   9.784E-01   1.358E+00   7.037E+00   4.857E+00
     81           46       1   6.558E+11   9.445E+09   3.643E+02   6.913E+00   7.319E-10   3.920E+09   2.956E+09   2.518E+09   3.481E+09   1.617E+00   1.642E+00   1.435E+02   1.477E+02
     82           47       1   6.865E+11   1.688E+10   5.617E+03   2.789E+00   1.658E-10   2.425E+09   1.805E+09   8.152E+08   1.435E+09   4.649E+00   3.779E+00   1.074E+02   4.403E+01
     83           48       1   5.976E+11   9.700E+09   9.755E+02   2.909E+00   2.999E-10   4.876E+09   3.934E+09   7.036E+08   1.646E+09   2.432E+00   2.188E+00   2.279E+01   2.434E+01
     84           49       1   6.645E+11   1.675E+10   1.007E+03   6.864E+00   4.098E-10   3.246E+09   1.791E+09   2.403E+09   3.858E+09   2.961E+00   2.723E+00   1.092E+02   8.425E+01
     85           50       1   6.828E+11   1.293E+10   4.475E+02   1.841E+00   1.423E-10   2.990E+09   1.915E+09   1.886E+08   1.263E+09   2.961E+00   2.656E+00   2.236E+00   6.045E+00
     86           51       1   6.337E+11   9.068E+09   3.378E+02   3.227E+00   3.559E-10   1.991E+09   1.389E+09   1.004E+09   1.606E+09   2.045E+00   2.023E+00   3.277E+02   2.120E+02
     87           52       1   6.448E+11   1.393E+10   5.971E+02   3.117E+00   2.239E-10   3.291E+09   2.006E+09   8.804E+08   2.166E+09   2.657E+00   2.503E+00   3.564E+01   2.555E+01
     88           53       1   4.579E+11   3.724E+09   2.080E+02   2.007E+00   5.390E-10   3.851E+09   3.375E+09   4.772E+08   9.526E+08   1.465E+00   1.542E+00   2.673E+01   2.664E+01
     89           54       1   5.104E+11   3.830E+09   8.673E+01   2.395E+00   6.253E-10   4.135E+09   3.315E+09   5.442E+08   1.364E+09   1.177E+00   1.362E+00   1.502E+01   2.164E+01
     90           55       1   5.093E+11   4.706E+09   1.366E+02   2.047E+00   4.349E-10   6.014E+09   5.386E+09   3.289E+08   9.569E+08   1.711E+00   1.821E+00   1.163E+01   1.447E+01
     91           56       1   5.041E+11   8.750E+09   5.520E+02   2.560E+00   2.925E-10   4.991E+09   4.011E+09   5.174E+08   1.498E+09   3.097E+00   2.696E+00   2.535E+01   1.930E+01
     92           57       1   4.243E+11   3.168E+09   3.929E+01   1.695E+00   5.348E-10   3.795E+09   3.192E+09   2.247E+08   8.277E+08   1.158E+00   1.382E+00   2.660E+00   6.146E+00
     93           58       1   4.952E+11   2.223E+09   1.168E+01   1.888E+00   8.491E-10   4.008E+09   3.667E+09   3.178E+08   6.585E+08   5.795E-01   7.827E-01   4.580E+00   5.701E+00
     94           60       1   5.256E+11   9.897E+09   1.501E+03   1.002E+00   1.012E-10   1.955E+09   1.545E+09   1.574E+08   5.672E+08   3.147E+00   2.714E+00   1.118E+02   8.979E+00
     95           61       1   4.471E+11   7.192E+09   1.761E+02   2.700E+00   3.754E-10   3.517E+09   2.420E+09   6.147E+08   1.712E+09   1.923E+00   1.896E+00   1.271E+01   1.653E+01
     96           62       1   4.858E+11   9.379E+09   3.557E+02   2.045E+00   2.180E-10   3.336E+09   2.273E+09   2.779E+08   1.340E+09   3.287E+00   2.717E+00   5.056E+00   6.476E+00
     97           63       1   4.461E+11   6.711E+09   6.655E+02   3.866E+00   5.760E-10   2.962E+09   2.352E+09   1.076E+09   1.686E+09   2.252E+00   2.147E+00   3.989E+02   2.118E+02
     98           64       1   4.952E+11   8.656E+09   4.602E+02   2.328E+00   2.690E-10   3.538E+09   2.542E+09   3.578E+08   1.354E+09   2.810E+00   2.464E+00   7.381E+00   8.240E+00
     99           65       1   4.703E+11   8.052E+09   6.100E+02   2.248E+00   2.792E-10   3.478E+09   2.618E+09   4.235E+08   1.283E+09   2.798E+00   2.501E+00   1.711E+01   1.431E+01
    100           66       1   4.574E+11   4.807E+09   2.359E+02   2.795E+00   5.815E-10   3.442E+09   2.864E+09   8.575E+08   1.435E+09   1.646E+00   1.652E+00   7.187E+01   5.548E+01
    101           67       1   4.188E+11   7.397E+09   7.684E+02   2.157E+00   2.916E-10   4.169E+09   3.371E+09   3.126E+08   1.111E+09   3.124E+00   2.480E+00   1.524E+01   8.682E+00
    102           68       1   4.922E+11   1.301E+10   2.452E+03   2.076E+00   1.595E-10   1.624E+09   6.433E+08   5.072E+08   1.488E+09   4.337E+00   3.337E+00   2.097E+01   1.631E+01
    103           70       1   3.994E+11   1.594E+09   1.914E+01   1.289E+00   8.085E-10   2.551E+09   2.364E+09   1.967E+08   3.838E+08   5.004E-01   7.640E-01   1.439E+00   2.537E+00
    104           71       1   3.682E+11   5.149E+09   3.459E+02   1.773E+00   3.443E-10   2.622E+09   2.066E+09   4.161E+08   9.718E+08   1.298E+00   1.537E+00   2.251E+01   1.915E+01
    105           72       1   4.677E+11   4.731E+09   5.913E+02   3.968E-01   8.387E-11   8.179E+08   6.779E+08   5.674E+07   1.967E+08   9.950E-01   1.480E+00   1.879E+00   4.691E+00
    106           73       1   4.319E+11   5.568E+09   7.352E+01   2.638E+00   4.737E-10   3.303E+09   2.229E+09   5.682E+08   1.643E+09   1.442E+00   1.600E+00   8.120E+00   1.805E+01
    107           74       1   4.065E+11   3.754E+09   9.950E+01   2.232E+00   5.945E-10   4.132E+09   3.620E+09   4.935E+08   1.006E+09   1.603E+00   1.586E+00   9.592E+01   3.695E+01
    108           75       1   3.571E+11   1.630E+10   9.740E+03   5.277E+00   3.237E-10   5.722E+08   4.819E+08   1.260E+09   1.351E+09   3.864E+00   3.830E+00   1.330E+03   1.304E+03
    109           76       1   3.398E+11   4.261E+09   8.407E+01   2.207E+00   5.179E-10   2.402E+09   1.573E+09   5.089E+08   1.338E+09   1.475E+00   1.545E+00   1.216E+01   1.744E+01
    110           77       1   3.397E+11   2.747E+09   8.659E+01   1.062E+00   3.867E-10   2.498E+09   2.242E+09   2.393E+08   4.947E+08   1.472E+00   1.534E+00   6.283E+01   4.891E+01
    111           78       1   3.604E+11   4.749E+09   1.236E+02   2.348E+00   4.944E-10   3.495E+09   2.703E+09   5.322E+08   1.324E+09   1.384E+00   1.500E+00   9.722E+00   1.561E+01
    112           79       1   3.699E+11   5.764E+09   4.422E+02   2.073E+00   3.597E-10   2.410E+09   1.648E+09   4.691E+08   1.232E+09   2.657E+00   2.320E+00   4.161E+01   2.575E+01
    113           80       1   3.834E+11   3.921E+09   2.849E+02   1.892E+00   4.826E-10   2.558E+09   2.120E+09   4.976E+08   9.348E+08   1.610E+00   1.616E+00   1.405E+02   5.696E+01
    114           81       1   3.816E+11   6.232E+09   1.954E+02   1.809E+00   2.903E-10   2.940E+09   2.169E+09   2.485E+08   1.019E+09   2.697E+00   2.274E+00   4.999E+00   3.735E+00
    115           82       1   3.701E+11   7.363E+09   7.886E+02   3.553E+00   4.826E-10   2.110E+09   1.397E+09   1.142E+09   1.855E+09   2.530E+00   2.344E+00   1.575E+02   1.127E+02
    116           83       1   3.203E+11   3.089E+09   8.964E+01   1.480E+00   4.792E-10   2.699E+09   2.197E+09   2.733E+08   7.751E+08   1.515E+00   1.554E+00   1.197E+01   1.932E+01
    117           85       1   3.119E+11   5.880E+09   6.666E+02   2.323E+00   3.951E-10   3.165E+09   2.593E+09   5.349E+08   1.107E+09   2.717E+00   2.553E+00   1.376E+02   3.519E+01
    118           86       1   3.940E+11   6.930E+09   2.100E+02   2.387E+00   3.444E-10   2.296E+09   1.366E+09   6.969E+08   1.627E+09   1.966E+00   2.017E+00   1.626E+01   2.951E+01
    119           87       1   3.763E+11   6.337E+09   1.407E+02   2.005E+00   3.165E-10   2.292E+09   1.391E+09   4.305E+08   1.331E+09   2.313E+00   2.197E+00   2.457E+01   1.444E+01
    120           88       1   3.457E+11   2.172E+09   3.975E+01   1.827E+00   7.746E-10   2.850E+09   2.561E+09   4.779E+08   7.663E+08   8.220E-01   8.872E-01   6.159E+01   4.154E+01
    121           89       1   3.349E+11   3.878E+09   1.667E+02   1.468E+00   3.786E-10   1.078E+09   6.742E+08   4.666E+08   8.707E+08   1.604E+00   1.638E+00   7.887E+01   7.828E+01
    122           90       1   2.924E+11   1.982E+09   4.004E+01   1.786E+00   9.008E-10   3.211E+09   2.986E+09   4.000E+08   6.249E+08   7.144E-01   9.284E-01   1.361E+01   1.763E+01
    123           91       1   3.323E+11   3.076E+09   8.134E+01   1.548E+00   5.034E-10   1.607E+09   1.253E+09   3.989E+08   7.532E+08   1.238E+00   1.243E+00   1.986E+02   5.621E+01
    124           92       1   3.598E+11   4.908E+09   2.242E+02   2.517E+00   5.129E-10   2.057E+09   1.382E+09   8.145E+08   1.490E+09   1.790E+00   1.807E+00   6.284E+01   6.127E+01
    125           93       1   3.203E+11   1.340E+09   1.239E+01   7.416E-01   5.535E-10   2.454E+09   2.315E+09   6.150E+07   2.003E+08   7.217E-01   1.151E+00   1.955E-01   1.564E+00
    126           94       0   9.040E+10   1.035E+09   4.241E+01   5.919E-01   5.720E-10   8.653E+08   7.252E+08   1.372E+08   2.773E+08   9.587E-01   1.110E+00   1.603E+01   1.784E+01
    127           95       1   2.996E+11   1.577E+09   2.807E+01   8.813E-01   5.590E-10   3.107E+09   2.920E+09   1.083E+08   2.955E+08   8.953E-01   1.086E+00   4.424E+00   7.150E+00
    128           96       1   1.908E+11   2.249E+09   6.864E+01   1.232E+00   5.477E-10   2.181E+09   1.810E+09   2.542E+08   6.252E+08   1.084E+00   1.328E+00   7.574E+00   1.625E+01
    129           97       1   3.248E+11   4.845E+09   4.227E+02   1.347E+00   2.780E-10   2.215E+09   1.720E+09   2.134E+08   7.083E+08   2.815E+00   2.441E+00   3.830E+01   7.902E+00
    130           98       1   3.512E+11   4.820E+09   1.877E+02   1.050E+00   2.178E-10   2.120E+09   1.625E+09   1.171E+08   6.117E+08   2.513E+00   2.325E+00   2.634E+00   5.743E+00
    131           99       1   2.905E+11   2.081E+09   2.506E+01   1.758E+00   8.450E-10   3.494E+09   3.247E+09   3.160E+08   5.635E+08   5.371E-01   8.245E-01   2.256E+00   4.042E+00
    132          100       1   3.034E+11   2.351E+09   1.068E+02   8.297E-01   3.530E-10   2.139E+09   1.842E+09   1.348E+08   4.320E+08   1.442E+00   1.581E+00   1.427E+01   1.652E+01
    133          101       1   2.874E+11   2.897E+09   1.495E+02   1.258E+00   4.343E-10   1.355E+09   1.036E+09   3.405E+08   6.590E+08   9.214E-01   1.092E+00   1.640E+01   2.580E+01
    134          102       1   3.176E+11   2.354E+09   6.344E+01   1.039E+00   4.412E-10   1.989E+09   1.637E+09   1.846E+08   5.368E+08   1.438E+00   1.568E+00   1.019E+01   2.091E+01
    135          103       1   3.156E+11   3.881E+09   1.422E+02   1.732E+00   4.462E-10   1.907E+09   1.330E+09   4.641E+08   1.042E+09   1.497E+00   1.597E+00   2.018E+01   3.092E+01
    136          104       1   2.662E+11   1.996E+09   8.486E+01   1.098E+00   5.501E-10   2.466E+09   2.116E+09   1.842E+08   5.338E+08   1.359E+00   1.432E+00   1.192E+01   1.228E+01
    137          105       1   2.945E+11   2.259E+09   7.120E+01   1.292E+00   5.718E-10   1.492E+09   1.087E+09   3.411E+08   7.468E+08   1.037E+00   1.221E+00   1.111E+01   1.861E+01
    138          106       1   3.142E+11   3.764E+09   4.266E+02   1.346E+00   3.576E-10   1.517E+09   1.200E+09   3.641E+08   6.807E+08   2.262E+00   2.196E+00   1.922E+02   1.186E+02
    139          107       1   2.121E+11   2.200E+09   3.210E+01   1.356E+00   6.163E-10   2.128E+09   1.731E+09   2.400E+08   6.372E+08   8.726E-01   1.135E+00   3.312E+00   7.080E+00
    140          108       1   2.765E+11   2.546E+09   1.362E+02   1.089E+00   4.276E-10   1.586E+09   1.207E+09   2.480E+08   6.274E+08   1.255E+00   1.391E+00   1.345E+01   2.222E+01
    141          109       1   2.758E+11   2.645E+09   4.669E+01   1.453E+00   5.494E-10   1.854E+09   1.449E+09   3.944E+08   7.995E+08   1.041E+00   1.204E+00   2.247E+01   2.965E+01
    142          110       1   2.871E+11   1.032E+09   9.893E+00   6.162E-01   5.970E-10   2.427E+09   2.333E+09   6.977E+07   1.638E+08   6.347E-01   8.968E-01   8.783E-01   2.594E+00
    143          111       1   2.552E+11   3.261E+09   1.120E+02   1.352E+00   4.145E-10   1.918E+09   1.423E+09   2.858E+08   7.812E+08   1.719E+00   1.782E+00   1.133E+01   1.786E+01
    144          112       1   2.636E+11   2.099E+09   7.231E+01   1.117E+00   5.321E-10   1.564E+09   1.318E+09   2.757E+08   5.225E+08   6.989E-01   8.954E-01   1.365E+01   1.577E+01
    145          113       1   2.874E+11   1.774E+09   2.547E+01   7.984E-01   4.500E-10   2.202E+09   1.951E+09   1.174E+08   3.677E+08   1.089E+00   1.249E+00   1.210E+01   1.282E+01
    146          114       1   2.640E+11   2.591E+09   1.336E+02   1.313E+00   5.069E-10   2.438E+09   2.073E+09   2.682E+08   6.331E+08   1.351E+00   1.480E+00   2.516E+01   2.146E+01
    147          115       1   3.093E+11   5.383E+09   1.083E+03   6.688E-01   1.242E-10   8.716E+08   6.506E+08   1.526E+08   3.735E+08   2.933E+00   2.874E+00   7.591E+01   3.349E+01
    148          116       1   2.760E+11   3.701E+09   2.354E+02   1.104E+00   2.982E-10   1.632E+09   1.202E+09   2.408E+08   6.707E+08   2.087E+00   1.999E+00   2.635E+01   2.949E+01
    149          118       1   2.508E+11   1.334E+09   3.891E+01   6.222E-01   4.666E-10   1.374E+09   1.199E+09   9.566E+07   2.714E+08   7.713E-01   1.218E+00   1.553E+00   4.314E+00
    150          119       1   2.755E+11   3.222E+09   1.619E+02   1.229E+00   3.815E-10   1.421E+09   1.023E+09   2.986E+08   6.966E+08   1.298E+00   1.446E+00   4.061E+01   2.660E+01
    151          121       1   2.522E+11   2.215E+09   6.444E+01   9.689E-01   4.373E-10   2.356E+09   2.015E+09   1.739E+08   5.147E+08   1.069E+00   1.213E+00   2.030E+01   1.614E+01
    152          123       1   2.193E+11   1.669E+09   4.066E+01   8.994E-01   5.390E-10   2.917E+09   2.791E+09   1.611E+08   2.866E+08   7.264E-01   8.909E-01   1.778E+01   9.437E+00
    153          124       1   2.415E+11   2.307E+09   7.058E+01   1.310E+00   5.680E-10   1.695E+09   1.310E+09   3.117E+08   6.965E+08   1.176E+00   1.327E+00   3.047E+01   2.779E+01
    154          126       1   1.820E+11   1.026E+09   1.588E+01   9.244E-01   9.006E-10   1.880E+09   1.783E+09   1.524E+08   2.490E+08   4.906E-01   7.469E-01   1.372E+00   2.838E+00
    155          127       1   2.426E+11   4.906E+09   1.109E+03   1.737E+00   3.540E-10   1.377E+09   9.528E+08   4.710E+08   8.949E+08   2.916E+00   2.748E+00   1.806E+02   7.351E+01
    156          128       1   2.580E+11   2.947E+09   1.251E+02   1.064E+00   3.611E-10   1.698E+09   1.378E+09   2.436E+08   5.636E+08   1.818E+00   1.798E+00   7.569E+01   5.969E+01
    157          129       1   2.247E+11   1.084E+09   3.537E+01   6.550E-01   6.042E-10   1.795E+09   1.628E+09   9.691E+07   2.635E+08   9.647E-01   1.266E+00   1.356E+00   4.550E+00
    158          131       1   2.484E+11   3.131E+09   1.149E+02   1.427E+00   4.559E-10   1.407E+09   1.087E+09   4.408E+08   7.608E+08   1.256E+00   1.345E+00   4.998E+01   5.075E+01
    159          132       1   2.291E+11   1.446E+09   2.334E+01   6.462E-01   4.468E-10   1.636E+09   1.474E+09   7.025E+07   2.315E+08   8.087E-01   1.123E+00   1.206E+00   3.935E+00
    160          133       1   2.365E+11   1.852E+09   5.914E+01   1.044E+00   5.637E-10   2.414E+09   2.156E+09   1.298E+08   3.875E+08   1.086E+00   1.414E+00   6.242E-01   3.760E+00
    161          134       1   2.145E+11   1.705E+09   5.065E+01   6.259E-01   3.671E-10   1.290E+09   1.090E+09   1.173E+08   3.172E+08   1.027E+00   1.193E+00   9.909E+00   1.317E+01
    162          135       1   2.184E+11   2.809E+09   6.620E+01   8.003E-01   2.849E-10   1.683E+09   1.374E+09   1.164E+08   4.251E+08   1.681E+00   1.813E+00   1.587E+01   1.857E+01
    163          137       1   1.945E+11   1.187E+09   8.119E+01   3.907E-01   3.290E-10   4.993E+08   3.787E+08   9.973E+07   2.204E+08   1.049E+00   1.255E+00   9.992E+00   1.872E+01
    164          138       1   2.140E+11   1.839E+09   4.111E+01   8.295E-01   4.510E-10   9.882E+08   7.060E+08   1.838E+08   4.661E+08   8.775E-01   1.110E+00   5.423E+00   1.180E+01
    165          141       1   2.193E+11   2.239E+09   1.002E+02   5.141E-01   2.297E-10   1.494E+09   1.290E+09   3.814E+07   2.425E+08   1.414E+00   1.768E+00   8.714E-01   3.353E+00
    166          142       1   2.170E+11   1.718E+09   8.397E+01   7.411E-01   4.313E-10   9.932E+08   7.599E+08   1.829E+08   4.161E+08   1.093E+00   1.222E+00   2.641E+01   2.651E+01
    167          143       1   2.068E+11   2.091E+09   2.878E+01   5.133E-01   2.455E-10   1.809E+09   1.635E+09   2.726E+07   2.016E+08   1.560E+00   1.938E+00   6.480E-02   1.112E+00
    168          145       1   1.877E+11   1.013E+09   3.035E+01   6.325E-01   6.244E-10   1.288E+09   1.128E+09   9.949E+07   2.599E+08   8.375E-01   1.081E+00   4.313E+00   6.565E+00
    169          147       1   1.936E+11   1.589E+09   3.842E+01   8.896E-01   5.598E-10   1.245E+09   1.041E+09   2.692E+08   4.734E+08   9.162E-01   1.042E+00   3.234E+01   4.616E+01
    170          148       1   1.872E+11   2.092E+09   1.006E+02   5.803E-01   2.773E-10   1.001E+09   7.744E+08   1.152E+08   3.414E+08   1.533E+00   1.639E+00   1.675E+01   1.314E+01
    171          150       1   1.939E+11   1.520E+09   3.159E+01   1.015E+00   6.679E-10   1.352E+09   1.060E+09   2.503E+08   5.428E+08   9.239E-01   1.062E+00   1.567E+01   2.168E+01
    172          152       1   2.039E+11   2.558E+09   2.185E+02   1.261E+00   4.930E-10   1.110E+09   8.546E+08   4.081E+08   6.633E+08   1.403E+00   1.455E+00   7.201E+01   7.892E+01
    173          157       1   1.898E+11   2.587E+09   1.377E+02   5.688E-01   2.199E-10   8.114E+08   5.710E+08   1.372E+08   3.776E+08   1.771E+00   1.804E+00   2.606E+01   3.338E+01
    174          159       1   1.428E+11   1.545E+09   4.342E+01   5.214E-01   3.375E-10   8.753E+08   7.105E+08   9.210E+07   2.570E+08   9.252E-01   1.136E+00   4.954E+00   9.741E+00
    175          164       1   1.726E+11   1.620E+09   8.968E+01   5.942E-01   3.667E-10   1.046E+09   8.639E+08   1.264E+08   3.090E+08   1.157E+00   1.349E+00   2.283E+01   9.834E+00
    176          166       1   1.695E+11   1.427E+09   2.415E+01   4.318E-01   3.026E-10   1.415E+09   1.283E+09   2.546E+07   1.572E+08   1.056E+00   1.556E+00   7.458E-02   1.033E+00
    177          170       1   1.641E+11   1.287E+09   3.961E+01   5.850E-01   4.546E-10   1.001E+09   8.285E+08   9.447E+07   2.669E+08   1.080E+00   1.296E+00   1.837E+00   5.290E+00
    178          174       1   1.613E+11   1.638E+09   5.450E+01   6.456E-01   3.942E-10   9.312E+08   7.241E+08   1.150E+08   3.221E+08   1.048E+00   1.205E+00   8.965E+00   7.019E+00
    179          175       1   1.593E+11   1.476E+09   1.068E+02   4.897E-01   3.317E-10   1.105E+09   9.824E+08   1.358E+08   2.579E+08   1.327E+00   1.355E+00   5.900E+01   6.074E+01
    180          180       1   1.601E+11   1.988E+09   4.752E+01   6.345E-01   3.192E-10   9.956E+08   7.495E+08   1.096E+08   3.556E+08   1.398E+00   1.494E+00   8.199E+00   1.062E+01
    181          184       1   1.451E+11   1.096E+09   1.976E+01   3.571E-01   3.257E-10   1.185E+09   1.073E+09   3.488E+07   1.469E+08   9.371E-01   1.168E+00   2.044E+00   6.115E+00
    182          189       1   1.439E+11   1.514E+09   5.071E+01   6.242E-01   4.121E-10   1.036E+09   9.044E+08   1.369E+08   2.690E+08   1.007E+00   1.135E+00   2.532E+01   2.041E+01
    183          191       1   1.415E+11   1.214E+09   3.957E+01   4.774E-01   3.932E-10   9.436E+08   8.249E+08   7.923E+07   1.980E+08   8.783E-01   1.159E+00   2.308E+01   5.676E+00
    184          196       1   1.410E+11   1.158E+09   8.746E+01   2.743E-01   2.368E-10   4.962E+08   4.112E+08   6.913E+07   1.542E+08   1.392E+00   1.490E+00   4.803E+01   4.274E+01
    185          211       1   1.288E+11   1.106E+09   5.528E+01   4.911E-01   4.440E-10   7.370E+08   5.512E+08   8.317E+07   2.689E+08   1.160E+00   1.335E+00   7.044E+00   7.749E+00
    186          230       1   1.199E+11   1.733E+09   1.003E+02   4.376E-01   2.525E-10   5.432E+08   3.320E+08   7.510E+07   2.863E+08   1.538E+00   1.687E+00   5.499E+00   1.225E+01
    187          236       1   1.272E+11   1.254E+09   5.959E+01   3.454E-01   2.755E-10   3.671E+08   2.033E+08   7.798E+07   2.417E+08   1.513E+00   1.622E+00   1.717E+01   2.363E+01
    188          247       1   1.151E+11   1.053E+09   3.939E+01   2.431E-01   2.309E-10   3.744E+08   2.561E+08   3.747E+07   1.558E+08   1.313E+00   1.466E+00   2.895E+00   8.269E+00
