# Eagle run L0025N0752/REFERENCE snapshot_019_z001p004
# number of galaxies = 268
# SubIndex; GroupNumber; IsCentral; M200 of host [Msun]; M*,30pkpc [Msun]; Sigma_*,r1/2 [Msun ppc^-2]; SFR [Msun yr^-1]; sSFR [yr^-1];
    M_HI_BR06 [Msun]; M_HI_GK11 [Msun]; M_H2_BR06 [Msun]; M_H2_GK11 [Msun]; MMW ZH2_BR06_rhalf [Zsun]; MMW ZH2_GK11_rhalf [Zsun]; SigmaH2_BR06,r1/2 [Msun ppc^-2]; SigmaH2_GK11,r1/2 [Msun ppc^-2]
      0            0       1   8.076E+12   5.152E+10   3.203E+02   1.153E+01   1.680E-10   1.327E+10   1.148E+10   4.175E+09   5.969E+09   1.183E+00   1.477E+00   3.304E+00   5.406E+00
      1            0       0   8.076E+12   8.260E+09   5.489E+02   2.175E+00   2.634E-10   3.963E+09   2.915E+09   4.007E+08   1.449E+09   2.953E+00   2.630E+00   2.466E+01   1.694E+01
      2            0       0   8.076E+12   7.802E+09   2.214E+02   2.450E+00   3.140E-10   3.357E+09   2.301E+09   4.839E+08   1.539E+09   2.276E+00   2.348E+00   7.815E+00   1.755E+01
      3            0       0   8.076E+12   5.146E+09   1.196E+02   2.613E+00   5.078E-10   5.404E+09   4.461E+09   4.829E+08   1.426E+09   1.976E+00   1.947E+00   1.872E+01   1.224E+01
      4            0       0   8.076E+12   4.191E+09   2.019E+02   2.249E+00   5.366E-10   4.936E+09   4.194E+09   3.932E+08   1.135E+09   1.788E+00   1.820E+00   1.071E+01   1.566E+01
      5            0       0   8.076E+12   1.500E+10   3.015E+02   4.603E+00   3.068E-10   1.118E+09   2.525E+08   1.714E+09   2.579E+09   2.969E+00   2.968E+00   1.145E+02   1.359E+02
      6            0       0   8.076E+12   1.035E+10   2.096E+02   3.066E+00   2.964E-10   2.213E+09   6.657E+08   8.773E+08   2.425E+09   2.227E+00   2.218E+00   2.320E+01   3.358E+01
      7            0       0   8.076E+12   1.494E+09   6.682E+01   5.197E-01   3.478E-10   9.861E+08   7.643E+08   7.621E+07   2.980E+08   1.329E+00   1.496E+00   1.812E+00   4.812E+00
      8            0       0   8.076E+12   5.101E+09   2.285E+02   1.630E+00   3.196E-10   7.918E+08   2.214E+08   5.670E+08   1.137E+09   2.527E+00   2.493E+00   5.733E+01   7.441E+01
      9            0       0   8.076E+12   4.408E+09   2.076E+02   4.729E+00   1.073E-09   1.068E+09   4.807E+08   1.960E+09   2.547E+09   1.286E+00   1.346E+00   1.164E+02   1.198E+02
     10            0       0   8.076E+12   1.405E+09   3.953E+01   1.123E+00   7.997E-10   1.517E+09   1.200E+09   2.493E+08   5.656E+08   1.129E+00   1.209E+00   1.797E+01   2.261E+01
     11            1       1   4.077E+12   4.547E+10   4.709E+02   1.669E+01   3.594E-10   1.329E+10   9.787E+09   6.224E+09   9.729E+09   2.166E+00   2.167E+00   6.450E+01   8.041E+01
     12            1       0   4.077E+12   2.387E+09   3.339E+01   6.526E-01   2.734E-10   9.548E+08   5.617E+08   6.797E+07   4.610E+08   1.954E+00   2.017E+00   8.409E-01   3.939E+00
     13            1       0   4.077E+12   2.098E+09   1.530E+02   9.974E-01   4.755E-10   1.228E+09   9.115E+08   2.800E+08   5.967E+08   1.373E+00   1.483E+00   1.626E+01   2.780E+01
     14            2       1   3.197E+12   3.305E+10   5.510E+02   6.767E+00   2.047E-10   7.664E+09   6.258E+09   2.435E+09   3.842E+09   1.494E+00   1.546E+00   5.740E+01   7.047E+01
     15            2       0   3.197E+12   3.705E+09   1.609E+02   5.712E-01   1.542E-10   3.254E+08   6.775E+07   1.852E+08   4.429E+08   2.666E+00   2.653E+00   4.663E+01   5.996E+01
     16            3       1   2.785E+12   2.867E+10   3.584E+02   1.090E+01   3.749E-10   1.026E+10   6.048E+09   3.433E+09   7.648E+09   2.274E+00   2.285E+00   2.161E+01   3.273E+01
     17            3       0   2.785E+12   1.601E+10   3.029E+02   5.133E+00   3.206E-10   3.787E+09   2.212E+09   1.542E+09   3.117E+09   1.720E+00   1.813E+00   6.025E+01   4.063E+01
     18            3       0   2.785E+12   2.911E+09   8.456E+01   1.571E+00   5.397E-10   1.592E+09   9.434E+08   3.977E+08   1.046E+09   1.377E+00   1.437E+00   2.668E+01   3.714E+01
     19            3       0   2.785E+12   1.278E+09   7.077E+01   6.843E-01   5.354E-10   6.532E+08   4.221E+08   1.879E+08   4.190E+08   1.034E+00   1.304E+00   7.610E+00   1.478E+01
     20            4       1   2.510E+12   2.206E+10   3.869E+02   9.025E+00   4.091E-10   1.355E+10   1.103E+10   2.484E+09   4.996E+09   1.803E+00   1.737E+00   3.515E+01   2.795E+01
     21            4       0   2.510E+12   3.383E+09   1.292E+02   1.387E+00   4.098E-10   1.838E+09   1.371E+09   3.024E+08   7.688E+08   1.277E+00   1.438E+00   2.521E+01   2.617E+01
     22            4       0   2.510E+12   1.350E+09   5.163E+01   1.177E+00   8.722E-10   1.435E+09   1.121E+09   2.562E+08   5.700E+08   8.471E-01   1.003E+00   2.309E+01   2.526E+01
     23            5       1   1.685E+12   3.159E+10   1.070E+03   9.053E+00   2.866E-10   7.675E+09   5.717E+09   2.507E+09   4.464E+09   4.004E+00   3.396E+00   1.695E+02   1.019E+02
     24            5       0   1.685E+12   1.353E+10   1.972E+02   5.595E+00   4.135E-10   6.612E+09   4.433E+09   1.351E+09   3.530E+09   2.167E+00   2.064E+00   3.907E+01   2.452E+01
     25            5       0   1.685E+12   1.549E+09   1.226E+02   3.895E-01   2.515E-10   5.818E+08   4.115E+08   7.707E+07   2.474E+08   1.472E+00   1.539E+00   8.026E+00   1.032E+01
     26            6       1   2.215E+12   3.582E+10   3.521E+02   6.227E+00   1.739E-10   4.985E+09   3.772E+09   1.849E+09   3.062E+09   1.805E+00   1.877E+00   2.107E+02   5.901E+01
     27            6       0   2.215E+12   1.306E+09   1.904E+01   1.699E+00   1.300E-09   4.075E+09   3.748E+09   2.660E+08   5.935E+08   6.910E-01   9.148E-01   6.135E+00   7.636E+00
     28            7       1   2.436E+12   1.444E+10   2.893E+02   7.551E+00   5.231E-10   8.336E+09   6.001E+09   2.548E+09   4.883E+09   1.923E+00   1.950E+00   8.701E+01   7.976E+01
     29            7       0   2.436E+12   7.517E+09   2.693E+02   7.783E-01   1.035E-10   1.176E+09   8.449E+08   6.711E+07   3.979E+08   1.031E+00   1.748E+00   9.887E-02   7.894E-01
     30            7       0   2.436E+12   2.791E+09   1.877E+02   5.358E-01   1.920E-10   5.505E+08   3.218E+08   1.458E+08   3.745E+08   1.780E+00   1.819E+00   2.846E+01   4.066E+01
     31            7       0   2.436E+12   3.525E+09   1.228E+02   9.314E-01   2.642E-10   1.029E+09   5.073E+08   1.848E+08   7.069E+08   1.854E+00   1.903E+00   1.198E+01   1.632E+01
     32            7       0   2.436E+12   1.874E+09   1.160E+02   1.161E+00   6.195E-10   1.001E+09   7.508E+08   3.906E+08   6.404E+08   1.050E+00   1.138E+00   6.464E+01   7.643E+01
     33            8       1   2.025E+12   2.621E+10   3.160E+02   7.615E+00   2.906E-10   8.443E+09   6.530E+09   2.451E+09   4.364E+09   1.555E+00   1.609E+00   3.593E+01   4.565E+01
     34            8       0   2.025E+12   1.243E+09   1.357E+02   5.877E-01   4.729E-10   3.021E+08   2.166E+08   2.234E+08   3.088E+08   1.101E+00   1.189E+00   9.953E+01   9.993E+01
     35            9       1   1.441E+12   1.872E+10   2.029E+02   6.058E+00   3.236E-10   8.800E+09   6.216E+09   1.453E+09   4.037E+09   1.899E+00   2.028E+00   2.500E+01   2.569E+01
     36            9       0   1.441E+12   2.295E+09   1.681E+02   1.080E+00   4.703E-10   1.630E+09   1.374E+09   3.096E+08   5.657E+08   1.056E+00   1.198E+00   2.612E+01   3.343E+01
     37            9       0   1.441E+12   1.154E+09   4.341E+01   1.060E+00   9.189E-10   3.350E+09   3.193E+09   1.549E+08   3.118E+08   7.017E-01   1.071E+00   1.142E+00   5.491E+00
     38            9       0   1.441E+12   4.618E+09   2.364E+02   1.233E+00   2.670E-10   1.118E+09   6.140E+08   3.307E+08   8.350E+08   1.760E+00   1.806E+00   1.671E+01   2.937E+01
     39            9       0   1.441E+12   1.386E+09   5.361E+01   4.919E-01   3.550E-10   5.448E+08   3.615E+08   1.242E+08   3.075E+08   1.487E+00   1.464E+00   4.450E+01   3.873E+01
     40            9       0   1.441E+12   1.560E+09   4.083E+01   6.250E-01   4.005E-10   9.214E+08   6.820E+08   1.180E+08   3.574E+08   1.241E+00   1.309E+00   1.548E+01   2.435E+01
     41           10       1   1.954E+12   4.833E+10   9.838E+02   1.436E+01   2.850E-10   5.356E+09   3.355E+09   5.255E+09   7.256E+09   3.000E+00   2.946E+00   1.247E+02   1.245E+02
     42           10       0   1.954E+12   1.613E+09   4.851E+01   2.360E-01   1.463E-10   2.968E+08   1.278E+08   3.231E+07   2.013E+08   1.958E+00   2.028E+00   2.926E+00   9.212E+00
     43           11       1   1.668E+12   2.481E+10   5.357E+02   6.829E+00   2.753E-10   4.701E+09   4.426E+09   1.724E+09   1.999E+09   1.344E+00   1.329E+00   2.606E+03   2.166E+03
     44           11       0   1.668E+12   1.679E+09   5.580E+01   1.154E+00   6.871E-10   2.219E+09   1.845E+09   1.892E+08   5.634E+08   1.195E+00   1.338E+00   4.429E+00   1.022E+01
     45           11       0   1.668E+12   1.033E+09   4.103E+01   5.957E-01   5.768E-10   9.429E+08   7.548E+08   1.227E+08   3.108E+08   9.242E-01   1.219E+00   6.894E+00   1.303E+01
     46           12       1   2.119E+12   2.809E+10   2.166E+03   4.157E+00   1.480E-10   5.940E+09   4.769E+09   1.302E+09   2.473E+09   2.301E+00   2.313E+00   2.309E+01   3.290E+01
     47           13       1   1.965E+12   3.170E+10   6.041E+02   1.288E+00   4.062E-11   3.632E+09   3.288E+09   3.599E+08   7.037E+08   1.339E+00   1.432E+00   5.113E+01   3.504E+01
     48           14       1   1.742E+12   3.922E+10   4.700E+02   8.925E+00   1.955E-10   4.830E+09   3.840E+09   3.256E+09   4.245E+09   1.796E+00   1.865E+00   1.322E+02   1.299E+02
     49           15       1   1.921E+12   3.305E+10   3.974E+02   5.977E+00   1.809E-10   4.916E+09   3.207E+09   1.985E+09   3.694E+09   2.024E+00   2.049E+00   5.985E+01   6.226E+01
     50           15       0   1.921E+12   1.486E+09   3.696E+01   3.501E-01   2.356E-10   4.439E+08   2.719E+08   6.766E+07   2.397E+08   1.207E+00   1.423E+00   1.056E+01   1.651E+01
     51           16       1   1.112E+12   1.744E+10   1.397E+02   1.954E+00   1.120E-10   2.788E+09   2.091E+09   4.944E+08   1.191E+09   1.348E+00   1.518E+00   1.796E+01   2.373E+01
     52           16       0   1.112E+12   5.360E+09   1.489E+02   5.145E+00   9.599E-10   3.629E+09   2.624E+09   1.761E+09   2.766E+09   9.558E-01   1.050E+00   1.038E+02   7.681E+01
     53           17       1   1.464E+12   1.202E+10   3.379E+02   3.346E+00   2.784E-10   5.882E+09   4.435E+09   8.314E+08   2.278E+09   2.440E+00   2.395E+00   1.117E+01   1.868E+01
     54           17       0   1.464E+12   8.495E+09   2.802E+02   5.151E+00   6.063E-10   6.430E+09   4.967E+09   1.280E+09   2.743E+09   1.636E+00   1.647E+00   3.240E+01   3.279E+01
     55           17       0   1.464E+12   1.715E+09   4.982E+01   9.575E-01   5.581E-10   1.438E+09   1.136E+09   1.835E+08   4.856E+08   1.076E+00   1.278E+00   1.786E+01   1.128E+01
     56           18       1   1.042E+12   1.421E+10   2.469E+02   9.200E+00   6.334E-10   7.219E+09   5.450E+09   3.084E+09   4.853E+09   1.683E+00   1.693E+00   1.585E+02   1.372E+02
     57           18       0   1.042E+12   1.054E+09   3.597E+01   4.850E-01   4.602E-10   8.862E+08   6.943E+08   8.823E+07   2.802E+08   1.077E+00   1.206E+00   4.695E+00   1.202E+01
     58           18       0   1.042E+12   3.349E+09   5.107E+01   2.469E+00   7.374E-10   3.419E+09   2.512E+09   5.182E+08   1.426E+09   1.161E+00   1.405E+00   6.612E+00   1.279E+01
     59           19       1   1.398E+12   2.417E+10   3.298E+02   4.613E+00   1.909E-10   3.579E+09   2.389E+09   1.624E+09   2.814E+09   1.879E+00   1.979E+00   2.555E+01   4.020E+01
     60           20       1   1.579E+12   2.620E+10   5.314E+02   3.414E+00   1.304E-10   6.943E+09   5.373E+09   5.496E+08   2.119E+09   2.573E+00   2.366E+00   7.455E+00   1.086E+01
     61           21       1   1.305E+12   2.077E+10   2.274E+02   5.142E+00   2.476E-10   9.996E+09   7.075E+09   6.121E+08   3.532E+09   2.212E+00   2.182E+00   1.004E+00   4.503E+00
     62           22       1   1.289E+12   1.305E+10   1.628E+02   6.077E+00   4.656E-10   1.162E+10   9.072E+09   1.290E+09   3.835E+09   1.803E+00   1.860E+00   1.248E+01   1.968E+01
     63           22       0   1.289E+12   1.252E+09   2.268E+01   6.943E-01   5.547E-10   1.434E+09   1.184E+09   5.363E+07   3.031E+08   9.663E-01   1.237E+00   3.668E-01   1.668E+00
     64           23       1   1.109E+12   1.273E+10   2.299E+02   3.970E+00   3.118E-10   7.772E+09   6.134E+09   5.332E+08   2.171E+09   1.346E+00   1.645E+00   1.691E+00   6.381E+00
     65           23       0   1.109E+12   1.533E+09   3.401E+01   4.558E-01   2.973E-10   1.029E+09   8.803E+08   4.810E+07   1.971E+08   1.017E+00   1.303E+00   4.340E-01   3.167E+00
     66           24       1   1.026E+12   1.077E+10   1.631E+02   3.796E+00   3.525E-10   6.120E+09   4.125E+09   6.167E+08   2.611E+09   2.284E+00   2.199E+00   9.720E+00   1.357E+01
     67           24       0   1.026E+12   3.593E+09   2.075E+02   2.126E+00   5.917E-10   3.424E+09   2.929E+09   5.059E+08   1.001E+09   1.469E+00   1.509E+00   1.003E+02   4.464E+01
     68           24       0   1.026E+12   4.958E+09   8.709E+01   1.836E+00   3.702E-10   3.321E+09   2.467E+09   1.885E+08   1.042E+09   2.204E+00   2.149E+00   1.355E+00   3.771E+00
     69           25       1   8.091E+11   1.561E+10   5.637E+02   9.711E+00   6.011E-10   5.043E+09   3.810E+09   3.024E+09   4.257E+09   1.796E+00   1.784E+00   3.978E+02   3.061E+02
     70           25       0   8.091E+11   3.030E+09   9.610E+01   1.430E+00   4.718E-10   1.821E+09   1.328E+09   3.361E+08   8.295E+08   1.293E+00   1.490E+00   8.309E+00   1.549E+01
     71           26       1   1.214E+12   1.623E+10   2.325E+02   4.283E+00   2.639E-10   5.835E+09   4.080E+09   9.192E+08   2.674E+09   1.496E+00   1.704E+00   5.469E+00   1.478E+01
     72           27       1   1.114E+12   1.525E+10   3.451E+02   6.328E+00   4.149E-10   8.818E+09   6.924E+09   1.854E+09   3.748E+09   1.922E+00   1.994E+00   2.553E+01   3.173E+01
     73           28       1   1.091E+12   1.455E+10   1.897E+02   6.480E+00   4.454E-10   9.928E+09   7.058E+09   1.325E+09   4.195E+09   2.022E+00   1.975E+00   1.894E+01   1.445E+01
     74           28       0   1.091E+12   3.703E+09   2.142E+02   7.168E-01   1.935E-10   5.557E+08   2.422E+08   2.113E+08   5.248E+08   2.250E+00   2.238E+00   3.695E+01   4.746E+01
     75           29       1   3.699E+11   4.177E+09   6.825E+01   2.019E+00   4.833E-10   4.460E+09   3.698E+09   2.949E+08   1.057E+09   1.352E+00   1.611E+00   1.836E+00   5.306E+00
     76           29       0   3.699E+11   2.967E+09   1.174E+02   1.247E+00   4.204E-10   1.809E+09   1.348E+09   2.843E+08   7.453E+08   1.256E+00   1.421E+00   2.092E+01   2.172E+01
     77           30       1   9.609E+11   1.825E+10   3.088E+02   3.404E+00   1.865E-10   6.462E+09   4.595E+09   4.431E+08   2.311E+09   2.637E+00   2.380E+00   5.855E+00   6.267E+00
     78           31       1   9.129E+11   1.006E+10   4.906E+02   5.006E+00   4.975E-10   3.206E+09   2.361E+09   1.616E+09   2.461E+09   1.777E+00   1.774E+00   2.155E+02   1.274E+02
     79           31       0   9.129E+11   3.997E+09   1.542E+02   2.005E+00   5.018E-10   3.108E+09   2.589E+09   4.331E+08   9.519E+08   1.472E+00   1.529E+00   1.636E+02   3.455E+01
     80           32       1   7.237E+11   6.688E+09   1.205E+02   3.177E+00   4.751E-10   3.724E+09   2.491E+09   9.357E+08   2.169E+09   1.580E+00   1.650E+00   2.237E+01   2.956E+01
     81           32       0   7.237E+11   1.475E+09   7.752E+01   5.537E-01   3.753E-10   8.471E+08   6.533E+08   1.117E+08   3.055E+08   1.100E+00   1.234E+00   6.004E+00   1.319E+01
     82           32       0   7.237E+11   4.332E+09   1.212E+02   2.362E+00   5.453E-10   2.399E+09   1.697E+09   6.001E+08   1.302E+09   1.349E+00   1.408E+00   5.993E+01   4.592E+01
     83           33       1   9.047E+11   1.420E+10   2.191E+02   6.533E+00   4.599E-10   6.959E+09   4.818E+09   1.854E+09   3.996E+09   1.926E+00   1.960E+00   2.504E+01   3.704E+01
     84           34       1   9.161E+11   1.492E+10   2.837E+02   1.458E+00   9.768E-11   2.427E+09   1.517E+09   2.362E+08   1.146E+09   2.876E+00   2.735E+00   3.636E+00   9.254E+00
     85           35       1   7.859E+11   1.657E+10   1.290E+02   6.210E+00   3.747E-10   7.152E+09   4.113E+09   1.393E+09   4.432E+09   2.045E+00   2.161E+00   7.080E+00   1.525E+01
     86           36       1   3.861E+11   6.942E+09   2.546E+02   2.791E+00   4.020E-10   2.953E+09   2.002E+09   8.055E+08   1.756E+09   1.794E+00   1.822E+00   2.298E+01   3.222E+01
     87           36       0   3.861E+11   2.424E+09   1.572E+02   9.637E-01   3.975E-10   2.006E+09   1.748E+09   2.269E+08   4.852E+08   1.076E+00   1.221E+00   1.713E+01   2.557E+01
     88           37       1   5.914E+11   5.278E+09   1.710E+02   2.906E+00   5.505E-10   2.790E+09   2.105E+09   8.629E+08   1.547E+09   1.573E+00   1.560E+00   1.669E+02   9.069E+01
     89           37       0   5.914E+11   1.289E+09   3.838E+01   9.401E-01   7.293E-10   1.693E+09   1.406E+09   1.740E+08   4.613E+08   1.083E+00   1.210E+00   3.822E+00   7.181E+00
     90           37       0   5.914E+11   1.100E+09   3.753E+01   8.059E-01   7.325E-10   2.276E+09   2.072E+09   1.409E+08   3.445E+08   9.588E-01   1.110E+00   2.034E+01   1.394E+01
     91           38       1   7.439E+11   1.204E+10   4.967E+02   5.357E+00   4.451E-10   4.630E+09   3.534E+09   1.806E+09   2.902E+09   1.784E+00   1.820E+00   9.589E+01   1.120E+02
     92           39       1   8.061E+11   1.596E+10   2.177E+02   6.225E+00   3.901E-10   7.181E+09   4.425E+09   1.249E+09   4.005E+09   2.529E+00   2.296E+00   4.538E+01   1.271E+01
     93           40       1   7.939E+11   1.037E+10   2.597E+02   3.880E+00   3.740E-10   3.715E+09   2.577E+09   1.247E+09   2.384E+09   1.692E+00   1.791E+00   3.631E+01   4.473E+01
     94           40       0   7.939E+11   1.496E+09   3.475E+01   7.974E-01   5.330E-10   1.341E+09   1.031E+09   1.166E+08   4.267E+08   1.248E+00   1.393E+00   2.927E+00   7.831E+00
     95           41       1   3.822E+11   7.155E+09   2.075E+02   3.338E+00   4.665E-10   3.213E+09   1.962E+09   9.146E+08   2.166E+09   1.597E+00   1.641E+00   1.810E+01   2.822E+01
     96           41       0   3.822E+11   1.439E+09   2.045E+01   1.574E+00   1.094E-09   3.330E+09   3.103E+09   2.447E+08   4.715E+08   6.682E-01   1.038E+00   1.585E+00   4.073E+00
     97           42       1   7.525E+11   1.090E+10   5.583E+02   1.353E+00   1.241E-10   3.303E+09   2.707E+09   2.411E+08   8.371E+08   1.769E+00   1.906E+00   1.313E+01   1.216E+01
     98           43       1   4.622E+11   4.382E+09   1.354E+02   3.250E+00   7.417E-10   3.869E+09   3.061E+09   8.879E+08   1.696E+09   1.238E+00   1.298E+00   9.520E+01   6.313E+01
     99           43       0   4.622E+11   4.417E+09   8.313E+01   2.361E+00   5.345E-10   2.766E+09   1.749E+09   5.096E+08   1.527E+09   1.419E+00   1.493E+00   1.259E+01   2.103E+01
    100           44       1   7.252E+11   1.091E+10   1.607E+02   3.729E+00   3.417E-10   4.613E+09   2.656E+09   6.738E+08   2.631E+09   2.091E+00   2.016E+00   5.024E+00   1.014E+01
    101           44       0   7.252E+11   1.823E+09   7.236E+01   3.977E-01   2.181E-10   5.211E+08   3.133E+08   6.038E+07   2.682E+08   1.561E+00   1.644E+00   6.558E+00   8.997E+00
    102           45       1   6.479E+11   1.169E+10   2.148E+02   5.017E+00   4.293E-10   5.134E+09   3.170E+09   1.465E+09   3.429E+09   1.869E+00   1.915E+00   2.604E+01   3.831E+01
    103           46       1   6.977E+11   1.224E+10   5.296E+02   4.371E+00   3.572E-10   3.338E+09   2.531E+09   1.148E+09   1.955E+09   1.967E+00   1.976E+00   6.715E+02   2.280E+02
    104           47       1   6.658E+11   1.727E+10   2.178E+02   5.464E+00   3.165E-10   3.480E+09   1.810E+09   1.936E+09   3.606E+09   2.082E+00   2.146E+00   2.828E+01   4.457E+01
    105           48       1   5.888E+11   9.668E+09   3.554E+02   3.633E+00   3.758E-10   5.110E+09   3.783E+09   9.103E+08   2.238E+09   1.965E+00   1.914E+00   2.088E+01   2.714E+01
    106           49       1   6.278E+11   9.045E+09   1.601E+02   1.723E+00   1.905E-10   2.101E+09   1.442E+09   4.493E+08   1.109E+09   1.597E+00   1.738E+00   1.458E+01   2.461E+01
    107           50       1   6.461E+11   1.452E+10   2.560E+02   3.990E+00   2.747E-10   4.434E+09   2.449E+09   8.454E+08   2.830E+09   2.619E+00   2.509E+00   7.003E+00   1.579E+01
    108           51       1   4.589E+11   5.208E+09   1.980E+02   3.204E+00   6.152E-10   4.745E+09   3.990E+09   9.356E+08   1.691E+09   1.450E+00   1.547E+00   3.110E+01   3.871E+01
    109           51       0   4.589E+11   1.246E+09   4.017E+01   7.773E-01   6.239E-10   9.509E+08   6.825E+08   1.599E+08   4.283E+08   1.058E+00   1.323E+00   9.881E+00   9.629E+00
    110           52       1   5.149E+11   5.348E+09   3.549E+02   3.610E+00   6.750E-10   2.949E+09   2.471E+09   1.120E+09   1.597E+09   1.157E+00   1.175E+00   2.611E+02   2.179E+02
    111           53       1   6.620E+11   9.734E+09   8.754E+02   1.071E+00   1.100E-10   2.894E+09   2.331E+09   6.328E+07   6.258E+08   2.539E+00   2.764E+00   2.148E-01   2.637E+00
    112           54       1   5.088E+11   7.208E+09   1.444E+02   3.234E+00   4.486E-10   6.266E+09   5.325E+09   6.352E+08   1.576E+09   1.906E+00   1.884E+00   9.471E+01   2.921E+01
    113           55       1   5.036E+11   1.014E+10   4.021E+02   4.079E+00   4.025E-10   5.346E+09   4.078E+09   9.781E+08   2.246E+09   2.423E+00   2.333E+00   6.375E+01   2.978E+01
    114           56       1   4.295E+11   4.921E+09   8.008E+01   2.313E+00   4.701E-10   4.292E+09   3.340E+09   3.596E+08   1.312E+09   1.531E+00   1.686E+00   3.836E+00   1.013E+01
    115           57       1   5.394E+11   1.024E+10   2.348E+02   1.855E+00   1.812E-10   3.369E+09   2.374E+09   2.475E+08   1.243E+09   1.932E+00   2.083E+00   2.862E+00   7.128E+00
    116           58       1   4.759E+11   3.903E+09   5.269E+01   3.403E+00   8.717E-10   3.792E+09   2.870E+09   9.256E+08   1.848E+09   1.055E+00   1.104E+00   3.766E+01   3.661E+01
    117           59       1   1.671E+11   1.285E+09   7.656E+01   6.769E-01   5.267E-10   8.500E+08   6.838E+08   1.825E+08   3.487E+08   9.168E-01   1.040E+00   5.018E+01   3.173E+01
    118           59       0   1.671E+11   1.979E+09   6.183E+01   1.016E+00   5.134E-10   1.476E+09   1.117E+09   2.244E+08   5.833E+08   1.181E+00   1.331E+00   1.025E+01   2.086E+01
    119           60       1   5.138E+11   1.279E+10   3.238E+02   3.331E+00   2.604E-10   2.801E+09   1.265E+09   9.471E+08   2.484E+09   2.745E+00   2.648E+00   1.221E+01   2.360E+01
    120           61       1   4.905E+11   8.485E+09   3.610E+02   2.249E+00   2.651E-10   1.710E+09   1.195E+09   7.425E+08   1.257E+09   1.404E+00   1.455E+00   8.292E+01   6.957E+01
    121           62       1   5.011E+11   9.992E+09   3.898E+02   3.061E+00   3.064E-10   2.990E+09   1.670E+09   7.798E+08   2.100E+09   2.239E+00   2.120E+00   9.275E+00   1.665E+01
    122           63       1   4.983E+11   9.814E+09   1.281E+02   2.440E+00   2.486E-10   4.098E+09   2.621E+09   2.851E+08   1.762E+09   2.741E+00   2.607E+00   1.550E+00   5.993E+00
    123           63       0   4.983E+11   1.566E+09   7.230E+01   6.105E-01   3.898E-10   6.943E+08   4.025E+08   1.175E+08   4.093E+08   1.524E+00   1.666E+00   9.903E+00   1.120E+01
    124           64       1   4.497E+11   8.832E+09   1.101E+02   3.403E+00   3.853E-10   5.129E+09   3.528E+09   4.984E+08   2.099E+09   1.826E+00   2.019E+00   3.185E+00   9.491E+00
    125           65       1   4.636E+11   7.949E+09   3.444E+02   2.196E+00   2.763E-10   2.535E+09   1.617E+09   6.008E+08   1.518E+09   2.116E+00   2.097E+00   1.675E+01   2.672E+01
    126           66       1   4.209E+11   8.574E+09   1.764E+02   2.580E+00   3.009E-10   4.568E+09   3.255E+09   3.252E+08   1.638E+09   2.429E+00   2.209E+00   3.871E+00   6.919E+00
    127           67       1   4.257E+11   2.761E+09   7.252E+01   1.742E+00   6.310E-10   2.200E+09   1.905E+09   5.858E+08   8.800E+08   1.316E+00   1.335E+00   2.194E+02   1.781E+02
    128           67       0   4.257E+11   1.558E+09   5.472E+01   7.365E-01   4.727E-10   1.173E+09   9.378E+08   8.427E+07   3.199E+08   8.291E-01   1.149E+00   1.600E+00   5.208E+00
    129           68       1   4.565E+11   5.378E+09   1.485E+02   2.707E+00   5.033E-10   3.862E+09   3.005E+09   5.672E+08   1.424E+09   1.594E+00   1.672E+00   1.951E+01   2.137E+01
    130           69       1   1.399E+11   1.090E+09   1.751E+01   8.009E-01   7.347E-10   1.958E+09   1.739E+09   1.088E+08   3.274E+08   7.447E-01   9.495E-01   2.748E+00   5.791E+00
    131           69       0   1.399E+11   1.139E+09   2.941E+01   9.719E-01   8.534E-10   1.933E+09   1.733E+09   1.830E+08   3.830E+08   8.907E-01   1.040E+00   1.719E+01   1.902E+01
    132           69       0   1.399E+11   1.404E+09   4.237E+01   6.764E-01   4.817E-10   8.341E+08   5.567E+08   1.374E+08   4.148E+08   1.326E+00   1.454E+00   7.098E+00   8.713E+00
    133           70       1   4.321E+11   7.192E+09   2.329E+02   3.459E+00   4.810E-10   2.548E+09   1.616E+09   1.151E+09   2.083E+09   1.449E+00   1.589E+00   3.660E+01   5.156E+01
    134           71       1   4.532E+11   8.171E+09   8.208E+01   3.779E+00   4.625E-10   4.497E+09   2.612E+09   7.231E+08   2.609E+09   1.806E+00   1.857E+00   3.787E+00   1.075E+01
    135           72       1   3.789E+11   6.334E+09   2.048E+02   2.870E+00   4.532E-10   3.323E+09   2.484E+09   7.655E+08   1.604E+09   1.481E+00   1.536E+00   4.803E+01   3.219E+01
    136           73       1   3.419E+11   6.029E+09   9.096E+01   2.701E+00   4.480E-10   3.123E+09   1.723E+09   5.114E+08   1.910E+09   1.744E+00   1.817E+00   4.390E+00   1.124E+01
    137           74       1   3.467E+11   4.664E+09   9.504E+01   2.275E+00   4.878E-10   4.023E+09   3.206E+09   3.144E+08   1.131E+09   1.619E+00   1.743E+00   2.016E+00   5.864E+00
    138           75       1   4.100E+11   5.303E+09   1.019E+02   2.752E+00   5.189E-10   5.096E+09   4.182E+09   4.613E+08   1.375E+09   1.841E+00   1.826E+00   2.697E+01   5.515E+00
    139           76       1   3.861E+11   7.698E+09   1.381E+02   2.701E+00   3.509E-10   3.557E+09   2.213E+09   4.407E+08   1.784E+09   2.159E+00   2.160E+00   3.314E+00   8.895E+00
    140           77       1   3.230E+11   4.491E+09   1.341E+02   2.309E+00   5.142E-10   2.561E+09   1.656E+09   6.077E+08   1.513E+09   1.448E+00   1.641E+00   9.351E+00   2.132E+01
    141           78       1   3.784E+11   9.121E+09   3.267E+02   2.558E+00   2.804E-10   3.072E+09   1.886E+09   5.742E+08   1.761E+09   2.424E+00   2.404E+00   7.846E+00   1.551E+01
    142           79       1   3.597E+11   6.851E+09   1.165E+02   2.848E+00   4.157E-10   2.772E+09   1.557E+09   7.640E+08   1.978E+09   1.709E+00   1.831E+00   1.047E+01   1.953E+01
    143           80       1   3.883E+11   5.353E+09   1.384E+02   3.003E+00   5.610E-10   2.750E+09   1.823E+09   8.662E+08   1.794E+09   1.237E+00   1.355E+00   2.194E+01   3.018E+01
    144           81       1   3.161E+11   6.296E+09   2.149E+02   2.387E+00   3.791E-10   4.091E+09   3.235E+09   4.958E+08   1.352E+09   2.025E+00   2.010E+00   1.176E+01   1.526E+01
    145           82       1   3.687E+11   7.674E+09   2.585E+02   3.401E+00   4.433E-10   1.794E+09   1.143E+09   1.248E+09   1.899E+09   1.511E+00   1.610E+00   8.815E+01   9.598E+01
    146           83       1   3.821E+11   7.906E+09   9.615E+01   2.401E+00   3.037E-10   2.303E+09   9.391E+08   5.430E+08   1.907E+09   2.110E+00   2.170E+00   8.245E+00   1.378E+01
    147           84       1   3.700E+11   6.417E+09   3.291E+02   2.277E+00   3.548E-10   3.323E+09   2.450E+09   4.419E+08   1.314E+09   2.356E+00   2.147E+00   2.817E+01   1.662E+01
    148           86       1   4.003E+11   8.891E+09   3.360E+02   3.190E+00   3.588E-10   1.458E+09   8.382E+08   1.190E+09   1.809E+09   1.936E+00   2.011E+00   8.769E+01   9.846E+01
    149           87       1   3.358E+11   4.853E+09   2.556E+02   1.589E+00   3.274E-10   1.022E+09   6.824E+08   5.519E+08   8.913E+08   1.528E+00   1.560E+00   1.042E+02   1.044E+02
    150           88       1   3.363E+11   4.802E+09   1.820E+02   2.080E+00   4.332E-10   1.568E+09   1.111E+09   6.594E+08   1.115E+09   1.491E+00   1.490E+00   1.419E+02   1.187E+02
    151           89       1   3.257E+11   3.368E+09   4.474E+01   2.157E+00   6.404E-10   3.587E+09   2.878E+09   3.691E+08   1.077E+09   1.251E+00   1.348E+00   7.915E+00   1.093E+01
    152           90       1   3.636E+11   3.622E+09   7.051E+01   2.163E+00   5.973E-10   2.171E+09   1.506E+09   6.366E+08   1.301E+09   1.315E+00   1.398E+00   4.165E+01   4.265E+01
    153           91       1   3.104E+11   2.686E+09   5.835E+01   1.900E+00   7.074E-10   4.648E+09   4.092E+09   2.817E+08   8.380E+08   1.293E+00   1.440E+00   1.241E+01   1.334E+01
    154           92       1   1.897E+11   3.275E+09   1.196E+02   1.415E+00   4.321E-10   2.158E+09   1.657E+09   2.816E+08   7.825E+08   1.548E+00   1.620E+00   1.861E+01   2.033E+01
    155           93       1   3.301E+11   5.423E+09   3.025E+02   1.572E+00   2.899E-10   2.545E+09   1.837E+09   2.580E+08   9.657E+08   2.192E+00   2.100E+00   9.569E+00   1.231E+01
    156           94       1   3.367E+11   2.636E+09   2.899E+01   1.083E+00   4.107E-10   2.009E+09   1.476E+09   1.563E+08   6.894E+08   1.453E+00   1.582E+00   1.682E+00   5.634E+00
    157           94       0   3.367E+11   1.535E+09   1.158E+02   6.119E-01   3.986E-10   7.123E+08   5.303E+08   1.561E+08   3.382E+08   1.300E+00   1.351E+00   3.619E+01   3.504E+01
    158           95       1   3.567E+11   5.691E+09   2.142E+02   1.364E+00   2.397E-10   2.961E+09   2.259E+09   1.665E+08   8.685E+08   2.624E+00   2.503E+00   3.762E+00   9.286E+00
    159           96       1   3.651E+11   6.260E+09   2.318E+02   2.272E+00   3.630E-10   1.453E+09   9.580E+08   8.055E+08   1.301E+09   1.630E+00   1.725E+00   6.237E+01   7.008E+01
    160           97       1   2.966E+11   4.390E+09   6.516E+01   3.200E+00   7.289E-10   4.688E+09   3.606E+09   6.169E+08   1.699E+09   1.110E+00   1.282E+00   1.247E+01   1.741E+01
    161           98       1   3.050E+11   3.223E+09   1.319E+02   1.102E+00   3.418E-10   2.596E+09   2.166E+09   1.475E+08   5.779E+08   1.794E+00   1.785E+00   1.839E+01   1.022E+01
    162           99       1   3.176E+11   3.759E+09   9.328E+01   1.226E+00   3.262E-10   2.108E+09   1.492E+09   1.741E+08   7.893E+08   2.292E+00   2.214E+00   8.333E+00   6.752E+00
    163          100       1   2.793E+11   2.991E+09   1.067E+02   2.121E+00   7.091E-10   4.380E+09   3.744E+09   3.243E+08   9.601E+08   1.318E+00   1.503E+00   3.088E+00   7.157E+00
    164          101       1   2.894E+11   3.861E+09   1.664E+02   2.032E+00   5.262E-10   1.840E+09   1.258E+09   5.910E+08   1.172E+09   1.163E+00   1.237E+00   3.446E+01   4.948E+01
    165          102       1   3.168E+11   5.093E+09   1.732E+02   1.924E+00   3.778E-10   2.382E+09   1.537E+09   4.475E+08   1.292E+09   1.815E+00   1.865E+00   1.595E+01   2.669E+01
    166          103       1   2.871E+11   1.914E+09   2.220E+01   1.406E+00   7.348E-10   3.461E+09   3.089E+09   1.598E+08   5.316E+08   1.079E+00   1.459E+00   6.576E-01   3.522E+00
    167          104       1   2.770E+11   4.016E+09   1.002E+02   1.844E+00   4.591E-10   2.626E+09   1.987E+09   4.223E+08   1.062E+09   1.705E+00   1.715E+00   3.595E+01   3.067E+01
    168          105       1   2.965E+11   3.336E+09   1.271E+02   1.521E+00   4.561E-10   9.561E+08   5.843E+08   5.514E+08   9.231E+08   1.389E+00   1.484E+00   4.859E+01   6.504E+01
    169          106       1   3.105E+11   3.766E+09   1.697E+02   7.704E-01   2.046E-10   1.578E+09   1.299E+09   1.248E+08   4.045E+08   2.079E+00   2.175E+00   2.347E+01   1.919E+01
    170          107       1   2.572E+11   4.954E+09   1.199E+02   1.726E+00   3.484E-10   2.136E+09   1.294E+09   3.043E+08   1.147E+09   1.871E+00   1.962E+00   4.809E+00   1.166E+01
    171          108       1   2.770E+11   3.587E+09   1.453E+02   1.128E+00   3.144E-10   1.837E+09   1.366E+09   2.100E+08   6.809E+08   1.442E+00   1.560E+00   5.912E+00   1.272E+01
    172          109       1   3.159E+11   4.983E+09   3.014E+02   1.388E+00   2.785E-10   1.611E+09   9.570E+08   2.855E+08   9.392E+08   2.251E+00   2.271E+00   6.189E+00   1.318E+01
    173          110       1   2.608E+11   2.911E+09   9.192E+01   1.626E+00   5.586E-10   2.408E+09   1.869E+09   3.272E+08   8.662E+08   9.943E-01   1.100E+00   9.718E+00   1.618E+01
    174          111       1   2.861E+11   4.661E+09   1.078E+02   1.779E+00   3.817E-10   2.092E+09   1.275E+09   4.441E+08   1.261E+09   1.761E+00   1.825E+00   1.250E+01   2.289E+01
    175          112       1   2.809E+11   3.133E+09   3.694E+01   1.295E+00   4.132E-10   2.534E+09   1.919E+09   1.398E+08   7.550E+08   1.777E+00   1.820E+00   2.407E+00   5.657E+00
    176          113       1   2.648E+11   3.354E+09   1.807E+02   2.340E+00   6.977E-10   2.233E+09   1.790E+09   7.334E+08   1.176E+09   1.278E+00   1.368E+00   6.879E+01   6.311E+01
    177          114       1   1.721E+11   1.600E+09   6.782E+01   5.599E-01   3.498E-10   1.361E+09   1.145E+09   1.122E+08   3.284E+08   1.251E+00   1.425E+00   1.260E+01   2.085E+01
    178          115       1   2.263E+11   2.835E+09   7.958E+01   1.971E+00   6.953E-10   5.045E+09   4.576E+09   2.602E+08   7.292E+08   1.292E+00   1.466E+00   2.655E+00   6.068E+00
    179          116       1   2.812E+11   4.339E+09   1.362E+02   1.484E+00   3.419E-10   2.589E+09   1.996E+09   2.366E+08   8.297E+08   2.057E+00   2.057E+00   2.361E+01   2.104E+01
    180          117       1   2.571E+11   3.670E+09   9.341E+01   1.959E+00   5.337E-10   2.679E+09   1.900E+09   4.024E+08   1.182E+09   1.414E+00   1.479E+00   1.185E+01   1.856E+01
    181          118       1   2.694E+11   1.061E+09   4.450E+01   9.045E-01   8.529E-10   1.838E+09   1.635E+09   1.816E+08   3.839E+08   7.159E-01   1.011E+00   1.044E+01   1.051E+01
    182          119       1   2.279E+11   1.398E+09   6.810E+01   8.312E-01   5.946E-10   1.440E+09   1.199E+09   2.242E+08   4.650E+08   1.274E+00   1.452E+00   1.909E+01   2.083E+01
    183          120       1   2.792E+11   3.759E+09   2.250E+02   1.083E+00   2.882E-10   1.384E+09   1.037E+09   2.714E+08   6.179E+08   1.579E+00   1.609E+00   4.192E+01   3.719E+01
    184          121       1   2.011E+11   2.082E+09   2.987E+01   1.369E+00   6.577E-10   2.368E+09   2.014E+09   2.421E+08   5.964E+08   8.466E-01   1.065E+00   7.763E+00   1.004E+01
    185          122       1   2.466E+11   2.404E+09   1.634E+02   1.211E+00   5.040E-10   1.163E+09   9.901E+08   3.822E+08   5.555E+08   1.222E+00   1.257E+00   4.712E+02   2.647E+02
    186          123       1   2.464E+11   3.658E+09   8.572E+01   1.639E+00   4.480E-10   2.279E+09   1.722E+09   3.559E+08   9.130E+08   1.262E+00   1.483E+00   1.153E+01   1.931E+01
    187          124       1   2.234E+11   1.877E+09   6.256E+01   9.883E-01   5.266E-10   2.363E+09   1.960E+09   1.240E+08   5.277E+08   1.611E+00   1.739E+00   2.553E+00   5.800E+00
    188          125       1   2.053E+11   1.595E+09   4.418E+01   1.032E+00   6.469E-10   2.789E+09   2.511E+09   1.287E+08   4.070E+08   1.100E+00   1.378E+00   1.478E+00   4.759E+00
    189          126       1   2.406E+11   5.098E+09   2.752E+02   1.248E+00   2.448E-10   1.029E+09   5.335E+08   3.614E+08   8.565E+08   1.791E+00   1.873E+00   1.696E+01   3.176E+01
    190          127       1   2.384E+11   2.482E+09   4.690E+01   1.370E+00   5.517E-10   2.478E+09   1.930E+09   1.969E+08   7.448E+08   1.215E+00   1.380E+00   4.093E+00   8.774E+00
    191          128       1   2.510E+11   4.265E+09   9.991E+01   1.641E+00   3.150E-10   1.175E+09   7.271E+08   5.470E+08   9.949E+08   1.294E+00   1.538E+00   1.339E+01   2.293E+01
    192          131       1   2.228E+11   4.662E+09   8.592E+01   1.230E+00   2.639E-10   2.321E+09   1.597E+09   1.134E+08   8.371E+08   2.425E+00   2.388E+00   1.550E+00   6.136E+00
    193          132       1   2.210E+11   2.530E+09   8.274E+01   1.002E+00   3.961E-10   1.607E+09   1.299E+09   2.221E+08   5.295E+08   1.226E+00   1.322E+00   2.545E+01   2.066E+01
    194          133       1   2.392E+11   2.636E+09   8.939E+01   1.402E+00   5.318E-10   3.306E+09   2.867E+09   1.446E+08   5.836E+08   1.496E+00   1.869E+00   5.885E-01   3.711E+00
    195          134       1   2.177E+11   2.991E+09   1.363E+02   1.693E+00   5.660E-10   8.679E+08   5.686E+08   6.267E+08   9.260E+08   1.307E+00   1.394E+00   9.182E+01   8.384E+01
    196          135       1   2.026E+11   1.345E+09   1.159E+02   4.081E-01   3.034E-10   4.783E+08   3.537E+08   1.059E+08   2.304E+08   1.255E+00   1.359E+00   3.970E+01   3.728E+01
    197          136       1   2.255E+11   3.589E+09   1.035E+02   1.240E+00   3.455E-10   2.083E+09   1.446E+09   1.762E+08   8.128E+08   2.006E+00   2.003E+00   3.551E+00   1.035E+01
    198          138       1   2.122E+11   3.471E+09   1.129E+02   1.991E+00   5.307E-10   2.119E+09   1.634E+09   5.808E+08   1.066E+09   1.246E+00   1.336E+00   2.308E+01   3.305E+01
    199          141       1   2.103E+11   3.470E+09   6.663E+01   8.682E-01   2.502E-10   2.111E+09   1.647E+09   6.945E+07   5.334E+08   2.420E+00   2.371E+00   9.621E-01   4.525E+00
    200          142       1   1.922E+11   1.828E+09   4.790E+01   1.007E+00   5.510E-10   1.637E+09   1.275E+09   1.423E+08   5.047E+08   1.184E+00   1.439E+00   1.924E+00   4.668E+00
    201          143       1   1.808E+11   1.250E+09   1.839E+01   7.386E-01   5.907E-10   2.115E+09   1.947E+09   6.028E+07   2.280E+08   1.272E+00   1.628E+00   1.261E-01   7.053E-01
    202          144       1   2.121E+11   2.922E+09   1.639E+02   1.242E+00   4.251E-10   8.300E+08   5.214E+08   4.353E+08   7.439E+08   1.349E+00   1.404E+00   4.691E+01   6.033E+01
    203          145       1   1.971E+11   2.269E+09   1.013E+02   8.966E-01   3.952E-10   1.337E+09   1.063E+09   2.252E+08   4.998E+08   1.139E+00   1.246E+00   3.458E+01   3.453E+01
    204          146       1   1.814E+11   1.504E+09   6.539E+01   6.189E-01   4.114E-10   1.263E+09   1.021E+09   9.946E+07   3.409E+08   1.411E+00   1.475E+00   1.836E+01   1.664E+01
    205          147       1   1.853E+11   2.818E+09   1.199E+02   8.613E-01   3.056E-10   1.221E+09   8.376E+08   1.387E+08   5.218E+08   1.549E+00   1.890E+00   1.991E+00   5.383E+00
    206          149       1   2.073E+11   3.165E+09   1.406E+02   1.049E+00   3.314E-10   1.813E+09   1.363E+09   1.674E+08   6.178E+08   2.051E+00   2.003E+00   1.442E+01   1.021E+01
    207          150       1   1.835E+11   1.107E+09   2.983E+01   4.932E-01   4.453E-10   1.028E+09   8.432E+08   5.322E+07   2.382E+08   1.568E+00   1.645E+00   1.772E+00   4.057E+00
    208          151       1   1.956E+11   2.566E+09   5.115E+01   9.506E-01   3.704E-10   1.297E+09   8.275E+08   1.740E+08   6.435E+08   1.639E+00   1.725E+00   6.763E+00   1.436E+01
    209          152       1   1.625E+11   1.414E+09   2.557E+01   1.249E+00   8.836E-10   2.443E+09   2.175E+09   1.814E+08   4.492E+08   8.217E-01   1.038E+00   2.903E+00   5.965E+00
    210          153       1   1.512E+11   1.424E+09   6.110E+01   6.315E-01   4.433E-10   1.220E+09   9.913E+08   7.632E+07   3.055E+08   1.539E+00   1.650E+00   6.897E+00   5.633E+00
    211          154       1   1.963E+11   3.199E+09   1.030E+02   7.604E-01   2.377E-10   1.620E+09   1.269E+09   8.035E+07   4.310E+08   2.061E+00   2.098E+00   4.896E+00   6.026E+00
    212          156       1   1.284E+11   1.475E+09   4.649E+01   4.865E-01   3.299E-10   7.429E+08   5.113E+08   7.330E+07   3.049E+08   1.251E+00   1.469E+00   2.539E+00   9.316E+00
    213          157       1   1.394E+11   1.533E+09   8.439E+01   5.031E-01   3.281E-10   7.774E+08   6.053E+08   1.062E+08   2.784E+08   1.293E+00   1.388E+00   3.225E+01   1.174E+01
    214          159       1   1.771E+11   2.139E+09   9.877E+01   9.073E-01   4.242E-10   1.260E+09   9.256E+08   1.921E+08   5.261E+08   1.469E+00   1.591E+00   8.456E+00   1.577E+01
    215          160       1   1.748E+11   2.120E+09   3.616E+01   8.346E-01   3.937E-10   2.095E+09   1.752E+09   6.266E+07   4.051E+08   1.763E+00   1.968E+00   2.946E-01   2.226E+00
    216          161       1   1.067E+11   1.143E+09   4.422E+01   6.879E-01   6.019E-10   9.998E+08   8.014E+08   1.294E+08   3.279E+08   1.191E+00   1.336E+00   9.504E+00   1.189E+01
    217          163       1   1.462E+11   2.069E+09   8.426E+01   7.871E-01   3.805E-10   1.545E+09   1.234E+09   1.294E+08   4.405E+08   1.620E+00   1.677E+00   2.245E+01   8.072E+00
    218          166       1   1.483E+11   1.256E+09   3.890E+01   4.503E-01   3.585E-10   1.641E+09   1.445E+09   3.505E+07   2.308E+08   1.516E+00   1.753E+00   5.799E-01   3.787E+00
    219          167       1   1.652E+11   1.926E+09   7.276E+01   7.702E-01   3.999E-10   1.730E+09   1.382E+09   8.074E+07   4.288E+08   1.662E+00   1.885E+00   1.247E+00   5.120E+00
    220          169       1   1.441E+11   1.420E+09   4.765E+01   6.984E-01   4.918E-10   1.010E+09   7.438E+08   1.162E+08   3.826E+08   1.022E+00   1.212E+00   4.584E+00   9.594E+00
    221          170       1   1.389E+11   1.178E+09   3.339E+01   7.607E-01   6.458E-10   1.548E+09   1.350E+09   1.271E+08   3.249E+08   1.298E+00   1.405E+00   5.880E+00   9.774E+00
    222          172       1   1.143E+11   1.240E+09   2.343E+01   4.849E-01   3.910E-10   1.229E+09   1.059E+09   3.709E+07   2.072E+08   1.112E+00   1.436E+00   3.823E-01   2.671E+00
    223          173       1   1.641E+11   2.650E+09   9.522E+01   1.111E+00   4.192E-10   1.159E+09   7.437E+08   2.700E+08   6.858E+08   1.492E+00   1.578E+00   1.901E+01   2.646E+01
    224          174       1   1.663E+11   3.553E+09   5.281E+01   1.149E+00   3.234E-10   1.495E+09   7.869E+08   1.561E+08   8.640E+08   1.852E+00   1.956E+00   2.129E+00   9.061E+00
    225          175       1   1.387E+11   1.358E+09   5.762E+01   6.359E-01   4.681E-10   1.294E+09   1.106E+09   1.304E+08   3.184E+08   1.336E+00   1.391E+00   6.891E+01   3.611E+01
    226          178       1   1.466E+11   1.883E+09   4.733E+01   9.287E-01   4.931E-10   2.077E+09   1.761E+09   8.245E+07   3.981E+08   1.164E+00   1.539E+00   5.959E-01   3.064E+00
    227          179       1   1.584E+11   2.326E+09   1.925E+02   6.877E-01   2.956E-10   1.236E+09   1.023E+09   1.490E+08   3.624E+08   1.794E+00   1.848E+00   3.904E+01   3.987E+01
    228          181       1   1.293E+11   1.746E+09   4.216E+01   1.020E+00   5.840E-10   1.516E+09   1.138E+09   1.836E+08   5.622E+08   1.242E+00   1.479E+00   3.168E+00   8.851E+00
    229          182       1   1.368E+11   1.698E+09   4.599E+01   7.590E-01   4.470E-10   1.468E+09   1.224E+09   1.372E+08   3.812E+08   1.423E+00   1.531E+00   2.686E+01   2.437E+01
    230          184       1   1.451E+11   2.052E+09   5.478E+01   9.269E-01   4.517E-10   1.388E+09   1.062E+09   1.957E+08   5.215E+08   1.456E+00   1.489E+00   2.619E+01   2.670E+01
    231          186       1   1.205E+11   1.387E+09   6.557E+01   5.591E-01   4.030E-10   8.926E+08   6.934E+08   9.962E+07   2.988E+08   1.496E+00   1.700E+00   7.009E+00   1.053E+01
    232          189       1   1.446E+11   1.819E+09   1.322E+02   5.214E-01   2.866E-10   9.249E+08   7.005E+08   8.991E+07   3.143E+08   1.734E+00   1.953E+00   1.340E+01   1.249E+01
    233          191       1   1.419E+11   1.466E+09   4.787E+01   5.642E-01   3.848E-10   1.346E+09   1.129E+09   7.454E+07   2.916E+08   1.541E+00   1.656E+00   6.842E+00   1.300E+01
    234          193       1   1.236E+11   1.656E+09   4.730E+01   1.058E+00   6.392E-10   2.271E+09   2.012E+09   1.722E+08   4.304E+08   1.136E+00   1.279E+00   2.423E+01   7.887E+00
    235          194       1   1.359E+11   1.456E+09   5.426E+01   3.771E-01   2.591E-10   6.376E+08   4.630E+08   4.349E+07   2.181E+08   1.232E+00   1.448E+00   1.752E+00   5.263E+00
    236          196       1   1.133E+11   1.144E+09   9.348E+01   5.521E-01   4.826E-10   1.121E+09   9.674E+08   9.443E+07   2.476E+08   1.199E+00   1.385E+00   3.779E+00   9.200E+00
    237          197       1   1.414E+11   2.860E+09   1.180E+02   7.759E-01   2.713E-10   8.655E+08   4.699E+08   1.521E+08   5.476E+08   1.657E+00   1.820E+00   3.701E+00   1.147E+01
    238          199       1   9.654E+10   1.129E+09   3.550E+01   7.045E-01   6.243E-10   1.219E+09   1.032E+09   9.942E+07   2.865E+08   9.621E-01   1.151E+00   2.955E+00   5.625E+00
    239          202       1   1.277E+11   1.573E+09   6.666E+01   6.050E-01   3.847E-10   8.051E+08   5.963E+08   1.387E+08   3.475E+08   1.536E+00   1.550E+00   1.749E+01   2.570E+01
    240          204       1   1.095E+11   1.080E+09   5.658E+01   4.426E-01   4.098E-10   1.010E+09   8.639E+08   6.592E+07   2.119E+08   1.103E+00   1.297E+00   4.909E+00   1.032E+01
    241          210       1   1.282E+11   1.360E+09   4.742E+01   8.059E-01   5.925E-10   8.790E+08   6.658E+08   2.143E+08   4.275E+08   1.062E+00   1.112E+00   2.842E+01   3.274E+01
    242          211       1   1.101E+11   1.591E+09   3.434E+01   8.660E-01   5.443E-10   1.433E+09   1.117E+09   1.763E+08   4.918E+08   1.153E+00   1.256E+00   1.625E+01   2.711E+01
    243          213       1   1.012E+11   1.249E+09   6.951E+01   5.742E-01   4.596E-10   9.168E+08   6.928E+08   8.890E+07   3.129E+08   1.256E+00   1.560E+00   1.832E+00   6.587E+00
    244          215       1   1.210E+11   1.004E+09   3.666E+01   3.679E-01   3.663E-10   1.288E+09   1.159E+09   4.216E+07   1.720E+08   1.399E+00   1.496E+00   7.688E+00   6.412E+00
    245          218       1   1.247E+11   1.843E+09   7.842E+01   6.779E-01   3.678E-10   1.089E+09   7.924E+08   9.516E+07   3.918E+08   1.536E+00   1.653E+00   5.361E+00   8.376E+00
    246          222       1   1.244E+11   1.644E+09   1.140E+02   4.759E-01   2.895E-10   5.616E+08   3.912E+08   1.275E+08   2.979E+08   1.298E+00   1.436E+00   2.854E+01   3.666E+01
    247          224       1   1.323E+11   2.141E+09   1.132E+02   5.905E-01   2.758E-10   4.033E+08   1.609E+08   1.862E+08   4.287E+08   1.994E+00   2.041E+00   2.473E+01   4.001E+01
    248          226       1   1.079E+11   1.769E+09   4.231E+01   8.840E-01   4.999E-10   1.810E+09   1.481E+09   9.628E+07   4.248E+08   1.526E+00   1.680E+00   1.267E+00   3.200E+00
    249          228       1   1.082E+11   1.369E+09   5.901E+01   4.639E-01   3.388E-10   7.653E+08   5.750E+08   8.129E+07   2.717E+08   1.387E+00   1.557E+00   4.857E+00   9.515E+00
    250          232       1   1.036E+11   1.180E+09   3.368E+01   6.973E-01   5.909E-10   1.362E+09   1.168E+09   9.567E+07   2.902E+08   9.579E-01   1.417E+00   1.101E+00   4.280E+00
    251          234       1   1.221E+11   2.061E+09   1.507E+02   5.050E-01   2.450E-10   5.398E+08   3.327E+08   1.307E+08   3.378E+08   1.861E+00   1.894E+00   2.197E+01   3.941E+01
    252          235       1   9.203E+10   1.104E+09   2.719E+01   6.622E-01   5.999E-10   1.363E+09   1.134E+09   8.635E+07   3.158E+08   1.071E+00   1.265E+00   2.216E+00   4.121E+00
    253          236       1   1.170E+11   1.189E+09   5.259E+01   3.069E-01   2.582E-10   8.153E+08   6.957E+08   3.415E+07   1.537E+08   1.568E+00   1.705E+00   6.146E+00   6.937E+00
    254          237       1   1.094E+11   1.659E+09   3.106E+01   6.750E-01   4.070E-10   1.205E+09   9.240E+08   6.426E+07   3.451E+08   1.455E+00   1.618E+00   1.918E+00   2.872E+00
    255          238       1   1.201E+11   1.467E+09   9.179E+01   2.537E-01   1.729E-10   3.887E+08   2.753E+08   4.954E+07   1.629E+08   1.647E+00   1.757E+00   1.060E+01   1.823E+01
    256          240       1   1.081E+11   2.031E+09   4.657E+01   8.009E-01   3.943E-10   9.668E+08   5.941E+08   1.560E+08   5.287E+08   1.308E+00   1.502E+00   5.313E+00   1.158E+01
    257          243       1   1.181E+11   1.516E+09   7.514E+01   6.283E-01   4.143E-10   5.304E+08   2.878E+08   1.808E+08   4.234E+08   1.353E+00   1.545E+00   8.238E+00   1.899E+01
    258          254       1   9.561E+10   1.156E+09   4.345E+01   4.174E-01   3.611E-10   1.491E+09   1.351E+09   3.554E+07   1.751E+08   1.424E+00   1.665E+00   1.734E+00   2.549E+00
    259          256       1   9.643E+10   1.136E+09   5.510E+01   5.154E-01   4.537E-10   8.724E+08   6.824E+08   7.308E+07   2.631E+08   1.106E+00   1.374E+00   2.432E+00   6.095E+00
    260          262       1   1.030E+11   1.428E+09   1.178E+02   3.790E-01   2.654E-10   2.359E+08   1.400E+08   1.355E+08   2.315E+08   1.531E+00   1.638E+00   7.589E+01   7.799E+01
    261          263       1   9.600E+10   1.017E+09   4.039E+01   4.681E-01   4.601E-10   5.156E+08   3.338E+08   1.079E+08   2.896E+08   1.072E+00   1.259E+00   4.783E+00   1.141E+01
    262          264       1   9.349E+10   1.021E+09   4.544E+01   3.455E-01   3.385E-10   4.106E+08   2.585E+08   6.745E+07   2.196E+08   1.231E+00   1.417E+00   8.216E+00   1.558E+01
    263          267       1   1.043E+11   1.533E+09   4.508E+01   4.775E-01   3.115E-10   8.407E+08   6.081E+08   5.999E+07   2.926E+08   1.921E+00   1.912E+00   9.420E+00   4.904E+00
    264          281       1   7.877E+10   1.007E+09   4.525E+01   6.187E-01   6.145E-10   1.052E+09   8.883E+08   1.202E+08   2.843E+08   9.936E-01   1.190E+00   1.224E+01   1.005E+01
    265          322       1   7.784E+10   1.069E+09   6.589E+01   2.649E-01   2.478E-10   3.856E+08   2.610E+08   3.502E+07   1.596E+08   1.336E+00   1.550E+00   2.477E+00   5.104E+00
    266          337       1   7.394E+10   1.109E+09   2.861E+01   3.391E-01   3.058E-10   4.757E+08   3.307E+08   5.607E+07   2.010E+08   1.097E+00   1.341E+00   6.195E+00   1.212E+01
    267          341       1   7.875E+10   1.012E+09   4.430E+01   2.341E-01   2.314E-10   3.964E+08   2.854E+08   2.052E+07   1.316E+08   1.726E+00   1.798E+00   2.516E+00   3.051E+00
