# Eagle run L0025N0752/REFERENCE snapshot_028_z000p000
# number of galaxies = 364
# SubIndex; GroupNumber; IsCentral; M200 of host [Msun]; M*,30pkpc [Msun]; Sigma_*,r1/2 [Msun ppc^-2]; SFR [Msun yr^-1]; sSFR [yr^-1];
    M_HI_BR06 [Msun]; M_HI_GK11 [Msun]; M_H2_BR06 [Msun]; M_H2_GK11 [Msun]; MMW ZH2_BR06_rhalf [Zsun]; MMW ZH2_GK11_rhalf [Zsun]; SigmaH2_BR06,r1/2 [Msun ppc^-2]; SigmaH2_GK11,r1/2 [Msun ppc^-2]
      0            0       1   1.594E+13   8.258E+10   5.249E+01   1.037E+00   1.255E-11   2.797E+09   1.931E+09   2.670E+08   1.134E+09   1.409E+00   1.934E+00   2.254E-01   8.026E-01
      1            0       0   1.594E+13   2.355E+10   2.717E+02   4.141E-01   1.758E-11   5.424E+08   7.385E+07   4.852E+07   5.170E+08   5.434E+00   5.317E+00   1.653E+00   4.918E+00
      2            0       0   1.594E+13   2.027E+10   1.893E+02   2.503E-01   1.235E-11   2.486E+08   1.275E+07   3.357E+07   2.694E+08   6.794E+00   6.798E+00   1.585E+00   6.351E+00
      3            0       0   1.594E+13   1.254E+10   2.181E+02   1.004E-01   8.007E-12   9.893E+07   1.156E+07   1.765E+07   1.050E+08   6.157E+00   6.206E+00   1.917E+00   9.606E+00
      4            0       0   1.594E+13   1.260E+10   1.544E+02   1.197E-01   9.502E-12   7.686E+07   1.593E+06   2.820E+07   1.035E+08   6.683E+00   6.669E+00   3.737E+00   1.156E+01
      5            0       0   1.594E+13   7.545E+09   9.723E+01   1.878E-01   2.490E-11   2.729E+08   5.765E+07   2.335E+07   2.386E+08   4.641E+00   4.581E+00   1.215E+00   6.350E+00
      6            0       0   1.594E+13   1.126E+10   1.834E+02   1.058E-02   9.395E-13   1.604E+06   1.716E+05   6.752E+05   2.107E+06   6.905E+00   6.905E+00   5.143E-01   1.605E+00
      7            0       0   1.594E+13   8.230E+09   6.429E+01   9.153E-02   1.112E-11   5.523E+07   1.438E+06   2.249E+07   7.628E+07   7.110E+00   7.135E+00   6.296E+00   1.356E+01
      8            0       0   1.594E+13   3.036E+09   3.718E+01   9.478E-02   3.122E-11   1.365E+08   2.463E+07   1.013E+07   1.220E+08   4.097E+00   4.016E+00   1.290E+00   5.960E+00
      9            0       0   1.594E+13   4.565E+09   7.873E+01   7.618E-02   1.669E-11   9.209E+07   1.552E+07   1.241E+07   8.898E+07   4.813E+00   4.610E+00   3.391E+00   1.124E+01
     10            0       0   1.594E+13   2.218E+09   2.967E+01   3.184E-04   1.436E-13   5.132E+06   4.180E+06   3.707E+03   9.554E+05   2.857E+00   2.990E+00   1.315E-03   1.779E-01
     11            0       0   1.594E+13   1.275E+09   3.864E+01   7.316E-03   5.737E-12   1.340E+07   3.257E+06   4.124E+05   1.056E+07   3.840E+00   3.925E+00   9.165E-02   1.857E+00
     12            0       0   1.594E+13   2.405E+09   4.572E+01   0.000E+00   0.000E+00   0.000E+00   0.000E+00   0.000E+00   0.000E+00  -1.000E+00  -1.000E+00  -1.000E+00  -1.000E+00
     13            0       0   1.594E+13   1.305E+09   2.083E+01   6.807E-02   5.215E-11   1.593E+08   9.523E+07   1.253E+07   7.663E+07   2.177E+00   2.229E+00   5.773E+00   1.350E+01
     14            0       0   1.594E+13   3.182E+09   7.572E+01   4.121E-01   1.295E-10   3.969E+08   1.476E+08   1.171E+08   3.665E+08   2.191E+00   2.281E+00   1.242E+01   2.140E+01
     15            0       0   1.594E+13   2.493E+09   3.451E+01   0.000E+00   0.000E+00   0.000E+00   0.000E+00   0.000E+00   0.000E+00  -1.000E+00  -1.000E+00  -1.000E+00  -1.000E+00
     16            0       0   1.594E+13   2.012E+09   3.951E+01   0.000E+00   0.000E+00   0.000E+00   0.000E+00   0.000E+00   0.000E+00  -1.000E+00  -1.000E+00  -1.000E+00  -1.000E+00
     17            0       0   1.594E+13   3.428E+09   1.033E+02   0.000E+00   0.000E+00   0.000E+00   0.000E+00   0.000E+00   0.000E+00  -1.000E+00  -1.000E+00  -1.000E+00  -1.000E+00
     18            0       0   1.594E+13   2.441E+09   8.133E+01   0.000E+00   0.000E+00   0.000E+00   0.000E+00   0.000E+00   0.000E+00  -1.000E+00  -1.000E+00  -1.000E+00  -1.000E+00
     19            0       0   1.594E+13   1.041E+09   1.641E+01   0.000E+00   0.000E+00   0.000E+00   0.000E+00   0.000E+00   0.000E+00  -1.000E+00  -1.000E+00  -1.000E+00  -1.000E+00
     20            1       1   9.907E+12   7.985E+10   3.206E+02   6.046E+00   7.572E-11   2.088E+09   1.067E+09   2.311E+09   3.332E+09   4.090E+00   4.083E+00   6.101E+01   7.700E+01
     21            1       0   9.907E+12   3.332E+10   2.179E+02   1.026E+00   3.079E-11   9.784E+08   1.097E+08   2.198E+08   1.089E+09   3.473E+00   3.513E+00   1.738E+00   7.499E+00
     22            1       0   9.907E+12   1.359E+10   1.276E+02   1.170E+00   8.603E-11   9.002E+09   7.813E+09   9.439E+07   1.284E+09   3.365E+00   2.604E+00   2.035E+00   6.667E-01
     23            1       0   9.907E+12   1.747E+10   8.520E+01   1.286E+00   7.358E-11   3.977E+09   2.617E+09   1.104E+08   1.470E+09   3.815E+00   3.396E+00   9.998E-01   2.828E+00
     24            1       0   9.907E+12   1.626E+10   1.023E+02   4.051E-01   2.492E-11   4.500E+08   7.976E+07   6.648E+07   4.367E+08   5.549E+00   5.556E+00   1.918E+00   7.202E+00
     25            1       0   9.907E+12   3.846E+09   1.625E+01   4.659E-01   1.211E-10   1.328E+09   8.637E+08   3.346E+07   4.978E+08   2.440E+00   2.345E+00   5.400E-01   2.145E+00
     26            1       0   9.907E+12   1.572E+09   8.668E+01   1.169E-01   7.438E-11   2.475E+08   1.752E+08   3.122E+07   1.035E+08   1.970E+00   2.206E+00   1.295E+01   2.538E+01
     27            1       0   9.907E+12   3.659E+09   7.061E+01   0.000E+00   0.000E+00   0.000E+00   0.000E+00   0.000E+00   0.000E+00  -1.000E+00  -1.000E+00  -1.000E+00  -1.000E+00
     28            1       0   9.907E+12   1.052E+09   2.343E+01   6.859E-03   6.517E-12   1.545E+07   5.519E+06   2.782E+05   1.021E+07   3.766E+00   3.656E+00   6.395E-02   1.635E+00
     29            1       0   9.907E+12   2.080E+09   5.010E+01   0.000E+00   0.000E+00   0.000E+00   0.000E+00   0.000E+00   0.000E+00  -1.000E+00  -1.000E+00  -1.000E+00  -1.000E+00
     30            1       0   9.907E+12   1.730E+09   3.602E+01   3.901E-02   2.255E-11   2.502E+07   1.525E+06   1.121E+07   3.471E+07   5.070E+00   5.003E+00   1.063E+00   2.870E+00
     31            1       0   9.907E+12   1.008E+09   1.743E+01   0.000E+00   0.000E+00   0.000E+00   0.000E+00   0.000E+00   0.000E+00  -1.000E+00  -1.000E+00  -1.000E+00  -1.000E+00
     32            2       1   3.803E+12   7.149E+10   5.704E+02   2.431E+00   3.400E-11   5.109E+09   2.662E+09   3.848E+08   2.832E+09   3.033E+00   3.333E+00   6.134E-01   4.238E+00
     33            2       0   3.803E+12   4.534E+10   8.895E+02   1.878E+00   4.143E-11   2.283E+09   1.279E+09   5.860E+08   1.590E+09   3.357E+00   3.466E+00   8.144E+00   1.633E+01
     34            2       0   3.803E+12   4.094E+10   2.285E+02   2.410E+00   5.888E-11   4.111E+09   1.747E+09   2.807E+08   2.644E+09   3.570E+00   3.304E+00   8.836E-01   3.738E+00
     35            2       0   3.803E+12   2.153E+09   7.672E+01   1.294E-02   6.011E-12   2.960E+07   1.067E+07   6.399E+05   1.957E+07   4.692E+00   4.888E+00   7.527E-02   1.847E+00
     36            2       0   3.803E+12   1.951E+09   6.067E+01   3.446E-02   1.766E-11   5.969E+07   1.869E+07   3.343E+06   4.434E+07   3.528E+00   3.534E+00   1.703E-01   1.696E+00
     37            2       0   3.803E+12   3.292E+09   4.434E+01   1.131E-01   3.436E-11   1.710E+08   3.810E+07   1.229E+07   1.452E+08   4.027E+00   3.889E+00   2.251E+00   4.884E+00
     38            2       0   3.803E+12   1.319E+09   5.818E+01   0.000E+00   0.000E+00   0.000E+00   0.000E+00   0.000E+00   0.000E+00  -1.000E+00  -1.000E+00  -1.000E+00  -1.000E+00
     39            2       0   3.803E+12   1.042E+09   7.545E+01   0.000E+00   0.000E+00   0.000E+00   0.000E+00   0.000E+00   0.000E+00  -1.000E+00  -1.000E+00  -1.000E+00  -1.000E+00
     40            3       1   4.105E+12   3.820E+10   1.315E+02   2.761E+00   7.227E-11   6.570E+09   4.307E+09   5.482E+08   2.811E+09   2.615E+00   2.432E+00   3.115E+00   7.690E+00
     41            3       0   4.105E+12   1.393E+10   1.264E+02   1.673E+00   1.201E-10   8.869E+09   7.543E+09   2.330E+08   1.559E+09   3.344E+00   3.281E+00   3.937E+00   5.510E+00
     42            3       0   4.105E+12   8.811E+09   4.300E+01   1.206E+00   1.369E-10   9.429E+09   8.194E+09   7.933E+07   1.315E+09   1.943E+00   2.476E+00   1.719E-02   4.915E-01
     43            3       0   4.105E+12   1.483E+10   1.992E+02   1.913E+00   1.290E-10   1.639E+09   3.833E+08   5.053E+08   1.761E+09   3.386E+00   3.262E+00   6.671E+00   1.280E+01
     44            3       0   4.105E+12   1.099E+10   1.542E+02   3.965E-01   3.607E-11   3.850E+08   7.806E+07   9.431E+07   4.013E+08   4.134E+00   4.154E+00   6.105E+00   1.350E+01
     45            3       0   4.105E+12   1.480E+09   2.847E+01   1.112E-01   7.511E-11   5.947E+08   4.826E+08   3.750E+06   1.158E+08   2.127E+00   2.439E+00   3.951E-02   8.161E-01
     46            3       0   4.105E+12   4.090E+09   1.964E+01   4.151E-01   1.015E-10   1.242E+09   8.029E+08   2.906E+07   4.683E+08   2.555E+00   2.499E+00   7.030E-01   2.214E+00
     47            3       0   4.105E+12   3.756E+09   1.156E+02   2.873E-01   7.650E-11   5.715E+08   3.149E+08   3.747E+07   2.940E+08   2.815E+00   2.657E+00   2.491E+00   5.051E+00
     48            3       0   4.105E+12   1.308E+09   3.894E+01   4.154E-02   3.177E-11   9.588E+07   4.535E+07   3.838E+06   5.436E+07   3.218E+00   3.225E+00   1.033E+00   5.699E+00
     49            3       0   4.105E+12   1.219E+09   2.282E+01   1.485E-02   1.219E-11   1.970E+07   4.137E+06   2.108E+06   1.767E+07   4.504E+00   4.560E+00   1.506E+00   6.849E+00
     50            4       1   6.124E+12   4.558E+10   5.247E+02   6.427E+00   1.410E-10   3.191E+09   2.287E+09   1.376E+09   2.280E+09   3.856E+00   3.804E+00   2.529E+03   9.031E+02
     51            4       0   6.124E+12   3.959E+10   1.699E+02   2.931E+00   7.405E-11   2.328E+09   3.936E+08   7.933E+08   2.728E+09   4.173E+00   4.096E+00   5.323E+00   1.389E+01
     52            4       0   6.124E+12   1.842E+10   6.633E+01   1.600E+00   8.683E-11   2.550E+09   8.323E+08   2.082E+08   1.926E+09   3.585E+00   3.394E+00   2.637E+00   5.167E+00
     53            4       0   6.124E+12   1.742E+09   3.523E+01   6.214E-02   3.567E-11   7.620E+07   2.575E+07   1.267E+07   6.312E+07   2.983E+00   2.898E+00   7.939E+00   1.693E+01
     54            4       0   6.124E+12   1.000E+09   2.091E+01   4.743E-02   4.742E-11   8.391E+07   3.882E+07   7.212E+06   5.229E+07   2.197E+00   2.320E+00   1.135E+00   5.110E+00
     55            5       1   5.690E+12   6.807E+10   1.867E+02   1.726E+00   2.536E-11   2.532E+09   1.564E+09   5.015E+08   1.470E+09   2.228E+00   2.227E+00   2.813E+01   9.520E+00
     56            5       0   5.690E+12   1.395E+10   9.717E+01   1.935E+00   1.387E-10   5.617E+09   4.005E+09   1.605E+08   1.773E+09   2.991E+00   2.774E+00   7.936E-01   2.402E+00
     57            5       0   5.690E+12   7.882E+09   5.529E+01   2.023E-01   2.566E-11   2.532E+08   6.818E+07   3.901E+07   2.240E+08   4.851E+00   4.708E+00   5.659E+00   1.165E+01
     58            5       0   5.690E+12   4.279E+09   3.422E+01   3.881E-01   9.069E-11   9.402E+08   5.458E+08   2.882E+07   4.232E+08   2.788E+00   2.910E+00   2.605E-01   2.433E+00
     59            5       0   5.690E+12   3.340E+09   7.049E+01   1.580E-02   4.731E-12   1.678E+07   3.027E+06   3.050E+06   1.680E+07   5.399E+00   5.224E+00   1.934E+00   9.057E+00
     60            5       0   5.690E+12   2.190E+09   3.529E+01   4.679E-04   2.136E-13   1.002E+07   9.148E+06   7.135E+03   8.833E+05   1.947E+00   1.454E+00   8.064E-05   9.256E-03
     61            5       0   5.690E+12   1.210E+09   2.187E+01   8.475E-03   7.007E-12   1.340E+07   2.495E+06   5.056E+05   1.141E+07   3.780E+00   3.864E+00   1.451E-01   2.283E+00
     62            6       1   5.054E+12   8.701E+10   2.626E+02   3.200E+00   3.677E-11   7.330E+09   4.529E+09   8.710E+08   3.672E+09   5.199E+00   3.651E+00   4.158E+00   2.051E+00
     63            6       0   5.054E+12   1.555E+09   2.389E+01   0.000E+00   0.000E+00   1.040E+06   1.012E+06   0.000E+00   2.736E+04  -1.000E+00   2.705E+00  -1.000E+00   2.982E-06
     64            6       0   5.054E+12   1.207E+09   2.290E+01   0.000E+00   0.000E+00   0.000E+00   0.000E+00   0.000E+00   0.000E+00  -1.000E+00  -1.000E+00  -1.000E+00  -1.000E+00
     65            6       0   5.054E+12   1.410E+09   4.632E+01   0.000E+00   0.000E+00   0.000E+00   0.000E+00   0.000E+00   0.000E+00  -1.000E+00  -1.000E+00  -1.000E+00  -1.000E+00
     66            7       1   4.735E+12   5.416E+10   1.810E+02   3.978E+00   7.345E-11   5.123E+09   1.679E+09   6.843E+08   4.128E+09   3.319E+00   3.351E+00   1.024E+00   5.729E+00
     67            7       0   4.735E+12   3.659E+09   4.982E+01   7.801E-02   2.132E-11   9.038E+07   1.444E+07   1.288E+07   8.883E+07   4.467E+00   4.433E+00   3.221E+00   1.041E+01
     68            8       1   5.320E+12   5.964E+10   3.718E+02   1.349E+00   2.263E-11   1.745E+09   9.806E+08   3.832E+08   1.147E+09   2.597E+00   2.762E+00   4.145E+00   9.934E+00
     69            8       0   5.320E+12   4.167E+09   5.847E+01   3.169E-01   7.603E-11   4.771E+08   1.827E+08   5.310E+07   3.475E+08   2.858E+00   2.862E+00   3.482E+00   8.027E+00
     70            8       0   5.320E+12   1.126E+09   2.701E+01   1.766E-02   1.569E-11   2.966E+07   6.551E+06   1.050E+06   2.416E+07   3.472E+00   3.580E+00   1.636E-01   2.750E+00
     71            8       0   5.320E+12   2.817E+09   1.204E+02   1.078E-02   3.828E-12   1.425E+07   1.818E+06   1.016E+06   1.344E+07   5.440E+00   5.198E+00   2.095E+00   1.190E+01
     72            8       0   5.320E+12   2.793E+09   2.738E+01   9.229E-03   3.304E-12   2.019E+07   9.010E+06   4.294E+05   1.161E+07   2.367E+00   3.227E+00   1.746E-01   1.803E+00
     73            9       1   4.504E+12   4.141E+10   1.836E+02   3.836E+00   9.265E-11   7.949E+09   3.907E+09   5.093E+08   4.552E+09   3.565E+00   3.188E+00   1.363E+00   5.246E+00
     74            9       0   4.504E+12   2.179E+10   2.974E+02   2.587E-01   1.187E-11   1.427E+09   1.176E+09   4.042E+07   2.917E+08   1.317E+00   1.661E+00   7.154E-01   4.113E-01
     75            9       0   4.504E+12   1.205E+10   4.940E+01   6.098E-01   5.060E-11   1.164E+09   4.520E+08   7.412E+07   7.859E+08   3.827E+00   3.723E+00   1.690E+00   5.935E+00
     76            9       0   4.504E+12   2.026E+09   2.035E+01   8.423E-02   4.157E-11   1.279E+08   3.375E+07   1.033E+07   1.045E+08   3.367E+00   3.325E+00   1.489E+00   8.367E+00
     77            9       0   4.504E+12   1.094E+09   2.531E+01   1.973E-02   1.804E-11   3.279E+07   8.785E+06   1.701E+06   2.571E+07   3.526E+00   3.416E+00   6.871E-01   6.171E+00
     78           10       1   4.125E+12   7.893E+10   3.719E+02   7.641E+00   9.246E-11   8.018E+09   5.131E+09   2.642E+09   5.529E+09   4.679E+00   4.282E+00   4.203E+01   5.055E+01
     79           10       0   4.125E+12   4.486E+09   2.925E+01   1.015E+00   2.262E-10   4.254E+09   3.535E+09   5.433E+07   7.733E+08   1.481E+00   2.132E+00   2.393E-02   3.830E-01
     80           10       0   4.125E+12   6.991E+09   6.971E+01   4.047E-01   5.789E-11   1.406E+09   9.874E+08   3.500E+07   4.537E+08   2.969E+00   2.934E+00   8.582E-01   5.194E+00
     81           10       0   4.125E+12   1.575E+09   6.308E+01   2.001E-01   1.270E-10   3.858E+08   2.907E+08   4.640E+07   1.416E+08   1.569E+00   1.635E+00   1.818E+01   1.726E+01
     82           11       1   3.675E+12   5.550E+10   5.726E+02   2.268E+00   4.086E-11   3.926E+09   2.309E+09   4.961E+08   2.113E+09   2.810E+00   2.814E+00   3.799E+00   1.132E+01
     83           11       0   3.675E+12   4.356E+09   2.644E+01   3.180E-01   7.299E-11   9.901E+08   6.346E+08   1.965E+07   3.752E+08   2.483E+00   2.593E+00   2.872E-01   2.835E+00
     84           11       0   3.675E+12   3.822E+09   7.739E+01   2.132E-01   5.576E-11   4.879E+08   2.802E+08   3.760E+07   2.452E+08   2.987E+00   3.027E+00   2.234E+00   9.767E+00
     85           11       0   3.675E+12   3.853E+09   5.691E+01   1.573E-01   4.083E-11   2.006E+08   3.072E+07   2.122E+07   1.911E+08   3.889E+00   3.910E+00   8.253E-01   6.065E+00
     86           11       0   3.675E+12   1.035E+09   3.034E+01   1.955E-02   1.889E-11   2.680E+07   4.709E+06   2.315E+06   2.441E+07   4.046E+00   4.075E+00   1.357E+00   8.174E+00
     87           12       1   3.356E+12   5.269E+10   5.648E+02   1.862E-01   3.533E-12   9.057E+08   8.024E+08   3.401E+07   1.373E+08   1.570E+00   1.837E+00   5.019E+00   2.448E+00
     88           12       0   3.356E+12   1.409E+10   1.896E+02   1.773E-01   1.258E-11   1.411E+09   1.271E+09   5.427E+07   1.941E+08   3.955E+00   3.959E+00   1.528E+01   2.136E+01
     89           12       0   3.356E+12   1.497E+09   3.918E+01   1.714E-01   1.144E-10   6.202E+08   4.870E+08   1.378E+07   1.469E+08   1.824E+00   2.059E+00   1.569E+00   1.588E+00
     90           12       0   3.356E+12   2.274E+09   2.853E+01   1.980E-01   8.710E-11   4.611E+08   2.398E+08   8.818E+06   2.301E+08   2.382E+00   2.664E+00   6.851E-02   1.683E+00
     91           12       0   3.356E+12   1.058E+09   3.297E+01   5.443E-02   5.143E-11   9.066E+07   3.561E+07   5.874E+06   6.092E+07   2.160E+00   2.382E+00   3.361E-01   3.452E+00
     92           13       1   1.943E+12   1.872E+10   1.602E+02   1.772E+00   9.466E-11   4.999E+09   3.167E+09   1.847E+08   2.017E+09   2.767E+00   2.799E+00   9.860E-01   4.170E+00
     93           13       0   1.943E+12   3.148E+10   4.676E+02   2.815E+00   8.940E-11   9.992E+09   7.453E+09   4.427E+08   2.982E+09   4.118E+00   3.317E+00   4.127E+00   5.122E+00
     94           13       0   1.943E+12   1.362E+10   6.742E+01   1.127E+00   8.276E-11   3.010E+09   1.857E+09   1.153E+08   1.268E+09   3.506E+00   3.356E+00   6.340E-01   3.951E+00
     95           13       0   1.943E+12   1.147E+10   9.419E+01   9.805E-01   8.548E-11   1.438E+09   5.549E+08   1.556E+08   1.039E+09   3.110E+00   3.124E+00   1.229E+00   6.390E+00
     96           13       0   1.943E+12   3.313E+09   4.639E+01   8.398E-01   2.535E-10   1.393E+09   6.973E+08   1.559E+08   8.512E+08   2.279E+00   2.306E+00   9.047E+00   1.176E+01
     97           13       0   1.943E+12   1.139E+09   1.926E+01   6.892E-03   6.052E-12   2.300E+07   1.346E+07   1.172E+05   9.649E+06   2.775E+00   3.627E+00   2.702E-03   2.187E-01
     98           14       1   3.392E+12   7.718E+10   1.805E+02   8.594E+00   1.113E-10   2.454E+10   1.160E+10   1.923E+09   1.486E+10   2.825E+00   3.123E+00   4.518E-01   3.061E+00
     99           14       0   3.392E+12   4.109E+09   9.365E+01   1.046E-01   2.546E-11   1.194E+08   1.713E+07   1.780E+07   1.201E+08   3.749E+00   3.737E+00   3.427E+00   6.410E+00
    100           14       0   3.392E+12   1.359E+09   3.379E+01   0.000E+00   0.000E+00   0.000E+00   0.000E+00   0.000E+00   0.000E+00  -1.000E+00  -1.000E+00  -1.000E+00  -1.000E+00
    101           14       0   3.392E+12   1.893E+09   6.589E+01   1.168E-01   6.168E-11   1.455E+08   3.648E+07   1.782E+07   1.268E+08   2.400E+00   2.702E+00   4.093E-01   5.221E-01
    102           15       1   2.503E+12   4.558E+10   1.826E+02   5.011E+00   1.099E-10   1.190E+10   7.129E+09   7.918E+08   5.564E+09   4.042E+00   3.432E+00   4.820E+00   7.123E+00
    103           15       0   2.503E+12   8.354E+09   5.129E+01   4.043E-01   4.839E-11   2.069E+09   1.620E+09   1.267E+07   4.616E+08   3.638E+00   3.027E+00   4.264E-02   5.265E-01
    104           15       0   2.503E+12   5.773E+09   3.594E+01   5.947E-01   1.030E-10   6.417E+09   5.777E+09   2.170E+07   6.613E+08   2.260E+00   2.482E+00   2.004E-02   3.963E-01
    105           15       0   2.503E+12   2.191E+09   2.682E+01   2.390E-02   1.091E-11   3.980E+07   1.137E+07   2.561E+06   3.098E+07   3.844E+00   3.856E+00   1.436E+00   8.305E+00
    106           15       0   2.503E+12   1.268E+09   1.469E+01   7.964E-02   6.280E-11   1.206E+08   5.034E+07   1.705E+07   8.732E+07   2.957E+00   2.950E+00   6.293E+00   1.764E+01
    107           16       1   2.226E+12   3.164E+10   9.375E+01   1.632E+00   5.158E-11   7.187E+09   5.284E+09   1.088E+08   2.012E+09   3.673E+00   3.653E+00   9.085E-02   1.583E+00
    108           16       0   2.226E+12   2.245E+10   7.063E+01   1.432E+00   6.380E-11   6.763E+09   4.841E+09   8.707E+07   2.010E+09   3.688E+00   3.401E+00   8.092E-02   1.366E+00
    109           17       1   2.261E+12   2.680E+10   8.327E+01   5.007E-01   1.868E-11   6.557E+09   6.116E+09   5.270E+07   4.939E+08   7.705E-01   1.453E+00   1.011E-02   1.091E-01
    110           17       0   2.261E+12   1.848E+10   2.116E+02   1.691E+00   9.149E-11   2.169E+09   1.520E+09   5.056E+08   1.154E+09   2.716E+00   2.809E+00   3.034E+01   4.332E+01
    111           17       0   2.261E+12   2.153E+09   3.725E+01   1.577E-01   7.326E-11   4.445E+08   2.952E+08   1.083E+07   1.601E+08   2.309E+00   2.360E+00   8.222E-01   2.435E+00
    112           18       1   1.606E+12   4.781E+10   1.775E+02   5.221E+00   1.092E-10   7.576E+09   3.830E+09   1.256E+09   5.002E+09   3.291E+00   3.271E+00   4.559E+00   1.193E+01
    113           18       0   1.606E+12   1.621E+10   1.062E+02   1.680E+00   1.036E-10   8.303E+09   6.525E+09   1.689E+08   1.947E+09   2.789E+00   2.751E+00   9.648E-01   2.409E+00
    114           18       0   1.606E+12   9.662E+09   1.749E+02   1.255E+00   1.299E-10   1.475E+09   8.690E+08   3.549E+08   9.610E+08   2.236E+00   2.265E+00   1.673E+01   2.356E+01
    115           19       1   3.051E+12   3.859E+10   4.486E+02   6.754E-01   1.750E-11   6.916E+08   1.835E+08   1.482E+08   6.563E+08   4.020E+00   4.052E+00   2.013E+00   7.220E+00
    116           19       0   3.051E+12   4.908E+09   9.699E+01   2.317E-01   4.721E-11   5.792E+08   3.503E+08   2.519E+07   2.541E+08   3.257E+00   3.210E+00   3.130E+00   3.644E+00
    117           20       1   2.606E+12   3.316E+10   4.174E+02   3.374E+00   1.018E-10   6.377E+09   4.804E+09   6.699E+08   2.242E+09   3.678E+00   3.154E+00   6.137E+01   5.354E+00
    118           20       0   2.606E+12   5.768E+09   8.609E+01   2.389E-01   4.143E-11   7.214E+08   4.625E+08   1.919E+07   2.781E+08   4.815E+00   4.190E+00   4.199E+00   2.598E+00
    119           20       0   2.606E+12   4.937E+09   3.385E+01   5.663E-01   1.147E-10   2.423E+09   2.008E+09   2.820E+07   4.435E+08   1.341E+00   1.983E+00   2.103E-02   3.250E-01
    120           21       1   2.716E+12   6.275E+10   1.160E+03   5.963E-01   9.503E-12   3.224E+09   2.606E+09   7.224E+07   6.900E+08   1.457E+00   2.287E+00   6.136E-02   2.124E-01
    121           21       0   2.716E+12   2.617E+09   9.456E+00   2.860E-01   1.093E-10   1.712E+09   1.428E+09   1.068E+07   2.952E+08   2.182E+00   2.163E+00   2.848E-02   4.974E-01
    122           22       1   2.302E+12   4.152E+10   5.961E+02   0.000E+00   0.000E+00   2.954E+07   2.778E+07   1.033E+04   1.772E+06   3.180E+00   2.124E+00   3.512E-07   5.961E-05
    123           22       0   2.302E+12   4.326E+09   4.833E+01   4.805E-01   1.111E-10   1.061E+09   6.658E+08   6.954E+07   4.651E+08   2.469E+00   2.529E+00   4.613E+00   5.175E+00
    124           22       0   2.302E+12   1.074E+09   2.902E+01   0.000E+00   0.000E+00   0.000E+00   0.000E+00   0.000E+00   0.000E+00  -1.000E+00  -1.000E+00  -1.000E+00  -1.000E+00
    125           23       1   1.961E+12   3.768E+10   1.959E+02   1.876E+00   4.979E-11   7.070E+09   5.193E+09   1.356E+08   2.013E+09   2.053E+00   2.409E+00   2.046E-01   1.919E+00
    126           23       0   1.961E+12   1.016E+09   3.360E+01   3.620E-02   3.563E-11   5.051E+07   1.583E+07   6.678E+06   4.136E+07   3.195E+00   3.202E+00   2.905E+00   9.907E+00
    127           23       0   1.961E+12   2.672E+09   8.255E+01   2.427E-02   9.083E-12   4.049E+07   1.352E+07   2.433E+06   2.940E+07   2.679E+00   2.771E+00   9.273E-01   4.477E+00
    128           23       0   1.961E+12   1.066E+09   4.496E+01   4.651E-03   4.361E-12   1.098E+07   4.317E+06   1.607E+05   6.827E+06   3.492E+00   3.894E+00   1.281E-01   4.874E+00
    129           24       1   1.659E+12   1.412E+10   7.885E+01   2.427E+00   1.718E-10   6.600E+09   4.867E+09   6.973E+08   2.431E+09   2.796E+00   2.721E+00   3.122E+01   2.677E+01
    130           24       0   1.659E+12   1.426E+10   9.409E+01   4.951E+00   3.471E-10   8.621E+09   5.762E+09   1.192E+09   4.050E+09   1.910E+00   1.987E+00   1.042E+01   2.146E+01
    131           24       0   1.659E+12   4.244E+09   4.722E+01   4.958E-01   1.168E-10   1.420E+09   9.948E+08   7.249E+07   4.975E+08   2.661E+00   2.529E+00   1.097E+01   6.120E+00
    132           24       0   1.659E+12   4.954E+09   1.174E+02   9.136E-01   1.844E-10   9.134E+08   3.642E+08   2.507E+08   7.998E+08   2.623E+00   2.625E+00   1.707E+01   2.948E+01
    133           24       0   1.659E+12   1.411E+09   1.145E+01   1.353E-01   9.589E-11   6.616E+08   5.320E+08   7.365E+06   1.370E+08   1.493E+00   1.870E+00   1.597E-01   2.172E+00
    134           24       0   1.659E+12   1.715E+09   3.928E+01   7.408E-02   4.320E-11   3.166E+08   2.282E+08   3.568E+06   9.196E+07   2.516E+00   2.557E+00   2.465E-01   1.895E+00
    135           25       1   1.447E+12   3.422E+10   2.271E+02   4.070E+00   1.189E-10   8.324E+09   5.731E+09   1.084E+09   3.677E+09   3.229E+00   3.162E+00   9.627E+00   1.986E+01
    136           25       0   1.447E+12   4.964E+09   1.091E+02   2.808E-01   5.657E-11   1.871E+09   1.630E+09   3.446E+07   2.751E+08   2.086E+00   2.145E+00   1.579E+00   1.155E+00
    137           26       1   1.877E+12   3.465E+10   5.687E+01   1.962E+00   5.663E-11   5.690E+09   3.339E+09   8.965E+07   2.440E+09   3.582E+00   3.511E+00   4.690E-02   1.141E+00
    138           27       1   1.586E+12   2.968E+10   2.043E+02   3.034E+00   1.022E-10   2.533E+09   1.105E+09   9.925E+08   2.420E+09   3.464E+00   3.411E+00   2.220E+01   3.934E+01
    139           27       0   1.586E+12   1.668E+09   1.021E+01   3.232E-01   1.938E-10   2.103E+09   1.849E+09   1.595E+07   2.698E+08   1.109E+00   1.631E+00   9.967E-02   6.319E-01
    140           28       1   1.689E+12   1.660E+10   4.360E+01   1.287E+00   7.754E-11   1.684E+09   1.014E+09   3.984E+08   1.069E+09   1.859E+00   1.938E+00   1.120E+01   2.283E+01
    141           28       0   1.689E+12   9.418E+09   1.274E+02   1.416E+00   1.503E-10   1.010E+09   2.935E+08   4.620E+08   1.179E+09   2.828E+00   2.843E+00   1.565E+01   3.289E+01
    142           29       1   1.515E+12   2.164E+10   2.826E+02   7.420E+00   3.294E-10   7.113E+09   5.624E+09   2.277E+09   3.767E+09   2.931E+00   2.929E+00   5.155E+02   3.947E+02
    143           29       0   1.515E+12   8.752E+09   1.434E+02   1.698E+00   1.940E-10   2.554E+09   1.380E+09   3.085E+08   1.482E+09   2.761E+00   2.610E+00   8.087E+00   9.797E+00
    144           30       1   9.306E+11   1.910E+10   1.231E+02   1.887E+00   9.879E-11   1.615E+10   1.372E+10   1.476E+08   2.573E+09   3.303E+00   2.787E+00   1.147E-01   7.633E-01
    145           30       0   9.306E+11   7.455E+09   3.566E+01   8.458E-01   1.134E-10   3.741E+09   2.963E+09   3.725E+07   8.149E+08   2.553E+00   2.453E+00   7.194E-02   7.372E-01
    146           30       0   9.306E+11   2.198E+09   2.362E+01   2.708E-01   1.232E-10   7.402E+08   4.620E+08   2.452E+07   3.027E+08   2.216E+00   2.361E+00   5.346E-01   4.036E+00
    147           31       1   1.347E+12   2.356E+10   6.698E+01   9.641E-01   4.092E-11   1.096E+10   9.430E+09   3.687E+07   1.567E+09   2.203E+00   2.898E+00   8.180E-03   3.693E-01
    148           32       1   1.418E+12   2.843E+10   1.422E+02   6.672E-01   2.347E-11   1.677E+09   9.453E+08   5.079E+07   7.824E+08   2.809E+00   3.165E+00   1.897E-01   2.536E+00
    149           33       1   1.092E+12   1.970E+10   6.714E+01   1.251E+00   6.350E-11   1.393E+10   1.170E+10   9.640E+07   2.320E+09   2.456E+00   2.956E+00   1.703E-02   4.772E-01
    150           34       1   1.243E+12   2.056E+10   1.698E+02   7.884E-01   3.835E-11   2.240E+09   1.375E+09   3.057E+07   8.952E+08   4.155E+00   3.910E+00   6.375E-02   8.733E-01
    151           35       1   1.153E+12   2.079E+10   9.782E+01   1.234E+00   5.934E-11   6.607E+09   5.324E+09   8.326E+07   1.367E+09   2.806E+00   2.710E+00   7.298E-01   1.381E+00
    152           36       1   9.824E+11   2.502E+10   1.685E+02   1.923E+00   7.685E-11   9.625E+09   7.549E+09   1.670E+08   2.242E+09   4.518E+00   3.590E+00   1.494E+00   3.061E+00
    153           37       1   9.114E+11   2.580E+10   1.043E+02   3.847E+00   1.491E-10   9.715E+09   6.314E+09   4.274E+08   3.828E+09   2.974E+00   2.957E+00   1.088E+00   3.836E+00
    154           38       1   8.738E+11   2.539E+10   1.483E+02   4.418E+00   1.740E-10   1.013E+10   6.636E+09   5.991E+08   4.091E+09   2.794E+00   2.684E+00   2.966E+00   6.053E+00
    155           39       1   9.513E+11   2.884E+10   7.587E+01   2.182E+00   7.568E-11   1.021E+10   7.450E+09   1.619E+08   2.917E+09   3.761E+00   3.480E+00   2.842E-01   1.667E+00
    156           40       1   8.509E+11   1.776E+10   3.024E+01   2.457E+00   1.383E-10   8.437E+09   6.079E+09   3.575E+08   2.715E+09   2.826E+00   2.629E+00   1.402E+01   2.756E+00
    157           41       1   7.341E+11   2.150E+10   9.371E+01   2.793E+00   1.299E-10   8.329E+09   5.977E+09   6.494E+08   3.001E+09   3.378E+00   3.245E+00   3.308E+01   1.585E+01
    158           42       1   4.893E+11   9.236E+09   2.424E+01   7.313E-01   7.918E-11   7.406E+09   6.490E+09   2.348E+07   9.388E+08   1.660E+00   2.064E+00   1.231E-02   3.557E-01
    159           42       0   4.893E+11   1.070E+10   7.485E+01   9.967E-01   9.313E-11   2.334E+09   1.464E+09   1.234E+08   9.933E+08   3.161E+00   3.042E+00   4.365E+00   5.002E+00
    160           43       1   8.838E+11   1.199E+10   1.049E+02   3.427E-01   2.858E-11   3.447E+09   3.123E+09   2.305E+07   3.472E+08   1.865E+00   1.987E+00   8.714E-01   2.666E-01
    161           44       1   6.874E+11   1.149E+10   1.149E+02   4.782E-01   4.162E-11   8.521E+09   7.822E+09   1.984E+07   7.184E+08   4.305E+00   3.779E+00   6.060E-02   5.423E-01
    162           44       0   6.874E+11   1.478E+09   3.267E+01   2.092E-01   1.415E-10   8.427E+08   6.849E+08   1.356E+07   1.714E+08   1.799E+00   2.073E+00   5.090E-01   2.198E+00
    163           45       1   7.415E+11   1.786E+10   2.244E+02   1.557E+00   8.718E-11   4.984E+09   3.664E+09   1.366E+08   1.456E+09   3.130E+00   2.736E+00   7.361E-01   2.723E+00
    164           45       0   7.415E+11   2.266E+09   5.254E+01   2.531E-01   1.117E-10   4.180E+08   2.831E+08   7.120E+07   2.061E+08   1.612E+00   1.816E+00   1.492E+01   2.171E+01
    165           46       1   7.218E+11   1.719E+10   9.328E+01   1.931E+00   1.123E-10   1.755E+10   1.519E+10   1.621E+08   2.522E+09   2.962E+00   2.724E+00   8.838E-02   7.757E-01
    166           47       1   6.349E+11   1.629E+10   2.033E+02   2.399E+00   1.473E-10   6.250E+09   4.826E+09   5.144E+08   1.939E+09   2.502E+00   2.485E+00   5.775E+00   1.147E+01
    167           48       1   7.271E+11   1.851E+10   3.085E+02   1.504E+00   8.122E-11   4.111E+09   3.058E+09   2.747E+08   1.328E+09   2.202E+00   2.239E+00   7.267E+00   5.923E+00
    168           49       1   8.142E+11   1.808E+10   1.212E+02   5.977E-01   3.306E-11   4.675E+09   3.989E+09   2.555E+07   7.120E+08   2.418E+00   2.641E+00   4.920E-02   5.209E-01
    169           50       1   7.444E+11   1.832E+10   5.950E+01   1.295E+00   7.071E-11   4.222E+09   2.779E+09   5.903E+07   1.501E+09   3.263E+00   3.270E+00   1.277E-01   1.867E+00
    170           51       1   6.778E+11   1.261E+10   9.797E+01   1.250E+00   9.908E-11   4.999E+09   3.941E+09   1.941E+08   1.252E+09   2.613E+00   2.631E+00   4.534E+00   1.264E+01
    171           52       1   6.847E+11   2.060E+10   1.495E+02   1.330E+00   6.458E-11   3.530E+09   2.092E+09   6.999E+07   1.508E+09   4.259E+00   3.721E+00   1.741E-01   1.496E+00
    172           53       1   4.158E+11   7.636E+09   1.133E+02   5.180E-01   6.784E-11   2.840E+09   2.343E+09   2.045E+07   5.173E+08   2.988E+00   2.958E+00   7.149E-02   7.444E-01
    173           53       0   4.158E+11   1.936E+09   7.097E+01   4.545E-02   2.347E-11   3.879E+08   3.456E+08   7.300E+06   4.960E+07   1.777E+00   1.861E+00   1.352E+00   4.959E+00
    174           54       1   7.151E+11   1.170E+10   1.734E+02   2.282E-01   1.950E-11   5.261E+08   2.651E+08   1.825E+07   2.793E+08   3.562E+00   3.554E+00   4.208E-01   3.365E+00
    175           55       1   5.753E+11   1.446E+10   2.036E+02   5.750E-01   3.976E-11   2.367E+09   1.773E+09   5.537E+07   6.493E+08   3.755E+00   3.450E+00   1.682E+00   2.646E+00
    176           56       1   5.365E+11   1.331E+10   1.908E+02   1.153E+00   8.663E-11   9.431E+09   8.246E+09   5.466E+07   1.240E+09   2.392E+00   2.724E+00   2.439E-02   5.754E-01
    177           56       0   5.365E+11   2.300E+09   3.992E+01   1.892E-01   8.225E-11   5.624E+08   3.882E+08   1.819E+07   1.924E+08   2.149E+00   2.324E+00   2.029E+00   3.600E+00
    178           57       1   4.241E+11   5.269E+09   7.317E+01   9.691E-01   1.839E-10   4.020E+09   3.271E+09   1.832E+08   9.327E+08   2.226E+00   2.177E+00   1.108E+01   1.431E+01
    179           57       0   4.241E+11   1.635E+09   1.959E+01   2.790E-01   1.706E-10   1.321E+09   1.102E+09   1.741E+07   2.360E+08   1.241E+00   1.758E+00   1.632E-01   1.526E+00
    180           58       1   5.211E+11   1.259E+10   1.220E+02   8.222E-01   6.532E-11   6.429E+09   5.526E+09   4.893E+07   9.523E+08   4.159E+00   3.407E+00   2.974E-01   1.728E+00
    181           59       1   3.868E+11   5.329E+09   1.174E+02   1.146E+00   2.150E-10   2.428E+09   1.959E+09   3.369E+08   8.060E+08   1.301E+00   1.490E+00   1.743E+01   2.353E+01
    182           59       0   3.868E+11   1.547E+09   7.672E+00   3.198E-01   2.068E-10   1.705E+09   1.474E+09   1.752E+07   2.487E+08   1.242E+00   1.629E+00   3.452E-02   5.170E-01
    183           60       1   5.339E+11   1.339E+10   1.087E+02   7.803E-01   5.828E-11   2.433E+09   1.628E+09   5.042E+07   8.555E+08   3.706E+00   3.572E+00   2.217E-01   2.213E+00
    184           61       1   4.741E+11   1.022E+10   2.070E+02   1.049E+00   1.026E-10   3.975E+09   2.987E+09   8.139E+07   1.069E+09   3.297E+00   2.850E+00   7.226E-01   2.285E+00
    185           62       1   3.819E+11   8.908E+09   9.637E+01   8.402E-01   9.432E-11   3.820E+09   3.063E+09   5.494E+07   8.126E+08   2.774E+00   2.532E+00   1.757E+00   1.258E+00
    186           63       1   5.266E+11   1.349E+10   3.182E+02   2.566E-01   1.901E-11   1.043E+09   7.873E+08   3.464E+07   2.905E+08   4.321E+00   4.025E+00   1.926E+00   6.793E+00
    187           64       1   3.081E+11   5.341E+09   8.926E+01   2.274E-01   4.257E-11   9.438E+08   6.887E+08   7.418E+06   2.625E+08   3.127E+00   3.295E+00   3.689E-02   9.294E-01
    188           64       0   3.081E+11   2.710E+09   2.063E+01   4.337E-01   1.601E-10   1.548E+09   1.172E+09   3.873E+07   4.143E+08   1.885E+00   2.044E+00   7.294E-01   3.024E+00
    189           65       1   5.302E+11   1.515E+10   6.984E+01   7.939E-01   5.239E-11   6.686E+09   5.611E+09   5.475E+07   1.130E+09   4.120E+00   3.712E+00   3.956E-01   2.046E+00
    190           66       1   4.307E+11   1.062E+10   1.166E+02   4.220E-01   3.972E-11   3.776E+09   3.247E+09   4.644E+07   5.755E+08   3.670E+00   3.397E+00   3.462E+00   1.155E+00
    191           67       1   5.030E+11   1.256E+10   4.884E+01   5.483E-01   4.365E-11   1.022E+09   3.292E+08   3.621E+07   7.287E+08   3.823E+00   3.864E+00   2.714E-01   2.767E+00
    192           68       1   4.594E+11   8.834E+09   2.495E+01   6.520E-01   7.381E-11   5.750E+09   4.886E+09   2.727E+07   8.912E+08   2.387E+00   2.590E+00   1.473E-02   3.301E-01
    193           69       1   4.344E+11   1.098E+10   1.532E+02   5.938E-01   5.406E-11   1.565E+09   1.014E+09   7.191E+07   6.227E+08   3.294E+00   3.186E+00   1.909E+00   5.110E+00
    194           70       1   4.669E+11   1.283E+10   1.643E+02   1.593E+00   1.242E-10   3.967E+09   2.706E+09   2.149E+08   1.477E+09   3.140E+00   2.894E+00   2.550E+00   6.356E+00
    195           71       1   2.442E+11   3.010E+09   5.889E+01   4.076E-01   1.354E-10   1.533E+09   1.226E+09   2.678E+07   3.339E+08   1.927E+00   2.123E+00   2.002E-01   1.517E+00
    196           71       0   2.442E+11   2.660E+09   6.667E+01   6.862E-02   2.580E-11   6.671E+08   5.726E+08   7.135E+06   1.016E+08   3.398E+00   3.278E+00   3.323E+00   7.977E-01
    197           71       0   2.442E+11   1.158E+09   1.420E+01   1.867E-01   1.613E-10   6.914E+08   5.557E+08   1.138E+07   1.471E+08   1.323E+00   1.918E+00   3.580E-01   1.168E+00
    198           72       1   4.355E+11   9.372E+09   1.007E+02   1.077E+00   1.149E-10   3.126E+09   2.365E+09   2.066E+08   9.674E+08   2.498E+00   2.443E+00   2.175E+01   5.979E+00
    199           72       0   4.355E+11   1.056E+09   5.108E+01   1.553E-01   1.471E-10   2.054E+08   9.026E+07   2.273E+07   1.378E+08   1.982E+00   2.540E+00   4.394E-01   2.605E+00
    200           73       1   3.732E+11   7.592E+09   1.262E+02   1.484E+00   1.954E-10   2.478E+09   1.550E+09   3.449E+08   1.273E+09   2.016E+00   2.173E+00   7.485E+00   1.489E+01
    201           74       1   4.469E+11   9.295E+09   1.748E+02   7.184E-03   7.728E-13   1.968E+07   1.794E+07   3.439E+04   1.768E+06   1.938E+00   1.785E+00   1.445E-02   1.047E-01
    202           75       1   3.955E+11   6.135E+09   3.571E+01   3.830E-01   6.242E-11   1.753E+09   1.310E+09   1.439E+07   4.578E+08   3.633E+00   3.252E+00   1.066E-01   7.613E-01
    203           75       0   3.955E+11   2.056E+09   2.660E+01   1.355E-01   6.592E-11   1.417E+09   1.261E+09   3.776E+06   1.600E+08   2.027E+00   2.373E+00   2.121E-02   4.296E-01
    204           76       1   4.518E+11   9.808E+09   6.231E+01   5.494E-01   5.602E-11   2.701E+09   2.049E+09   1.595E+07   6.675E+08   3.947E+00   3.332E+00   4.969E-02   5.957E-01
    205           77       1   4.461E+11   9.601E+09   1.191E+02   2.208E-01   2.300E-11   4.198E+09   3.815E+09   1.354E+07   3.967E+08   3.621E+00   2.951E+00   9.689E-01   3.149E-01
    206           78       1   3.993E+11   9.323E+09   9.518E+01   8.149E-01   8.741E-11   3.122E+09   2.501E+09   7.256E+07   6.939E+08   2.256E+00   2.079E+00   7.361E+00   9.729E-01
    207           79       1   3.791E+11   8.014E+09   1.960E+01   9.486E-01   1.184E-10   5.857E+09   4.890E+09   3.395E+07   1.001E+09   2.212E+00   2.646E+00   2.236E-02   5.577E-01
    208           80       1   4.017E+11   7.367E+09   1.395E+02   2.629E-01   3.569E-11   1.336E+09   1.088E+09   1.786E+07   2.660E+08   2.660E+00   2.784E+00   4.137E-01   1.835E+00
    209           81       1   3.041E+11   2.807E+09   6.774E+01   6.318E-01   2.250E-10   4.377E+09   3.936E+09   1.346E+08   5.755E+08   1.632E+00   1.805E+00   1.471E+01   9.427E+00
    210           81       0   3.041E+11   1.958E+09   2.284E+01   3.705E-01   1.893E-10   1.076E+09   7.950E+08   3.321E+07   3.137E+08   1.343E+00   1.766E+00   1.348E+00   3.862E+00
    211           81       0   3.041E+11   1.603E+09   3.129E+01   1.750E-01   1.092E-10   6.659E+08   5.176E+08   9.502E+06   1.578E+08   1.766E+00   2.126E+00   3.783E-01   1.648E+00
    212           82       1   3.977E+11   8.514E+09   6.331E+01   4.662E-01   5.476E-11   3.048E+09   2.540E+09   1.779E+07   5.260E+08   3.481E+00   3.285E+00   5.986E-02   9.563E-01
    213           83       1   2.580E+11   6.695E+09   9.444E+01   7.612E-01   1.137E-10   1.385E+09   8.354E+08   1.696E+08   7.190E+08   2.265E+00   2.424E+00   5.335E+00   1.459E+01
    214           84       1   3.375E+11   5.774E+09   1.699E+01   8.364E-01   1.449E-10   7.016E+09   6.109E+09   5.363E+07   9.611E+08   2.464E+00   2.342E+00   4.576E-01   1.435E+00
    215           85       1   3.269E+11   2.968E+09   2.408E+01   5.502E-01   1.854E-10   5.156E+09   4.720E+09   4.183E+07   4.775E+08   2.035E+00   1.929E+00   2.151E-01   4.988E-01
    216           86       1   3.815E+11   6.136E+09   1.107E+02   1.345E-01   2.191E-11   1.867E+09   1.693E+09   6.005E+06   1.808E+08   2.912E+00   2.865E+00   1.821E-01   6.654E-01
    217           87       1   3.616E+11   1.073E+10   7.851E+01   6.976E-01   6.503E-11   2.397E+09   1.669E+09   3.340E+07   7.615E+08   3.466E+00   3.338E+00   1.816E-01   1.759E+00
    218           88       1   1.698E+11   1.789E+09   2.304E+01   2.036E-01   1.138E-10   2.456E+09   2.252E+09   8.319E+06   2.119E+08   1.668E+00   1.915E+00   1.455E-01   4.055E-01
    219           88       0   1.698E+11   2.082E+09   7.970E+01   2.136E-01   1.026E-10   1.205E+09   1.042E+09   1.726E+07   1.800E+08   2.144E+00   2.270E+00   2.348E+00   9.761E-01
    220           89       1   2.865E+11   6.158E+09   3.284E+01   7.204E-01   1.170E-10   5.947E+09   5.245E+09   6.607E+07   7.686E+08   3.215E+00   2.562E+00   2.357E+01   5.548E-01
    221           90       1   3.108E+11   6.466E+09   7.390E+01   6.804E-01   1.052E-10   1.981E+09   1.374E+09   3.838E+07   6.456E+08   2.217E+00   2.345E+00   1.444E-01   1.937E+00
    222           91       1   2.757E+11   3.922E+09   2.396E+01   7.092E-01   1.808E-10   3.427E+09   2.853E+09   7.979E+07   6.542E+08   1.959E+00   2.003E+00   3.604E+00   5.533E+00
    223           92       1   3.022E+11   7.123E+09   2.390E+01   1.004E+00   1.409E-10   5.248E+09   4.368E+09   5.630E+07   9.362E+08   1.822E+00   2.422E+00   2.803E-02   5.898E-01
    224           93       1   3.211E+11   2.753E+09   2.621E+01   6.178E-01   2.244E-10   1.929E+09   1.575E+09   6.072E+07   4.143E+08   9.741E-01   1.454E+00   4.602E-01   2.100E+00
    225           94       1   3.480E+11   7.982E+09   1.775E+02   1.496E-01   1.875E-11   5.486E+08   4.381E+08   1.506E+07   1.256E+08   2.018E+00   2.205E+00   1.486E+00   2.670E+00
    226           95       1   3.585E+11   8.314E+09   9.727E+01   3.668E-01   4.412E-11   8.391E+08   4.270E+08   2.325E+07   4.354E+08   3.991E+00   3.616E+00   6.516E-01   2.260E+00
    227           96       1   3.246E+11   7.948E+09   1.733E+02   3.668E-01   4.615E-11   3.121E+09   2.715E+09   1.845E+07   4.242E+08   3.727E+00   3.285E+00   5.432E-01   1.194E+00
    228           97       1   3.369E+11   3.233E+09   3.310E+01   5.177E-01   1.602E-10   3.853E+09   3.428E+09   3.522E+07   4.604E+08   1.970E+00   2.181E+00   9.434E-02   7.037E-01
    229           98       1   2.101E+11   2.330E+09   4.246E+01   6.581E-01   2.825E-10   2.367E+09   1.960E+09   1.280E+08   5.350E+08   1.446E+00   1.629E+00   4.455E+00   1.091E+01
    230           98       0   2.101E+11   1.325E+09   1.040E+01   1.638E-01   1.236E-10   1.628E+09   1.480E+09   7.947E+06   1.556E+08   1.503E+00   1.802E+00   1.420E-01   6.178E-01
    231           99       1   2.950E+11   5.857E+09   7.359E+01   8.525E-01   1.455E-10   5.550E+09   4.910E+09   8.160E+07   7.214E+08   2.611E+00   2.492E+00   2.834E+00   1.542E+00
    232          100       1   3.091E+11   7.082E+09   9.210E+01   4.435E-01   6.263E-11   1.433E+09   1.041E+09   2.813E+07   4.209E+08   3.020E+00   3.062E+00   1.842E-01   1.341E+00
    233          101       1   2.869E+11   6.537E+09   2.007E+01   7.500E-01   1.147E-10   4.552E+09   3.819E+09   3.629E+07   7.689E+08   2.442E+00   2.242E+00   1.801E-01   7.907E-01
    234          102       1   2.930E+11   5.687E+09   2.791E+01   8.942E-01   1.573E-10   4.015E+09   3.266E+09   6.534E+07   8.141E+08   1.983E+00   2.052E+00   6.360E-01   1.500E+00
    235          103       1   2.449E+11   4.830E+09   2.006E+01   4.625E-01   9.576E-11   5.318E+09   4.811E+09   2.009E+07   5.271E+08   1.792E+00   1.957E+00   1.949E-02   2.609E-01
    236          104       1   2.238E+11   4.200E+09   4.406E+01   5.439E-01   1.295E-10   3.590E+09   3.115E+09   2.619E+07   5.013E+08   2.596E+00   2.265E+00   6.192E-02   5.987E-01
    237          105       1   2.151E+11   1.583E+09   4.014E+01   3.298E-01   2.083E-10   1.459E+09   1.308E+09   4.533E+07   1.972E+08   7.571E-01   1.618E+00   1.874E+00   2.872E+00
    238          105       0   2.151E+11   1.501E+09   1.189E+01   4.814E-01   3.208E-10   2.258E+09   1.997E+09   3.544E+07   2.962E+08   9.543E-01   1.388E+00   1.236E-01   8.682E-01
    239          106       1   1.725E+11   3.296E+09   3.242E+01   4.209E-01   1.277E-10   2.619E+09   2.294E+09   1.599E+07   3.412E+08   1.359E+00   1.882E+00   1.266E-02   2.707E-01
    240          107       1   2.887E+11   5.859E+09   9.772E+01   1.087E-01   1.856E-11   4.611E+08   3.329E+08   8.975E+06   1.371E+08   2.868E+00   2.897E+00   1.351E+00   2.872E+00
    241          108       1   1.787E+11   1.633E+09   5.286E+01   5.023E-01   3.077E-10   2.102E+09   1.936E+09   1.416E+08   3.080E+08   9.019E-01   1.309E+00   9.021E+00   1.063E+01
    242          109       1   2.580E+11   3.547E+09   2.476E+01   2.701E-01   7.614E-11   3.529E+09   3.195E+09   9.501E+06   3.436E+08   2.553E+00   2.431E+00   9.731E-02   4.410E-01
    243          110       1   2.402E+11   4.200E+09   1.917E+01   6.198E-01   1.476E-10   4.406E+09   3.860E+09   3.320E+07   5.795E+08   1.957E+00   1.953E+00   9.133E-02   5.658E-01
    244          111       1   2.598E+11   5.356E+09   2.172E+01   6.150E-01   1.148E-10   1.902E+09   1.268E+09   3.492E+07   6.689E+08   2.466E+00   2.615E+00   1.487E-01   1.587E+00
    245          112       1   2.335E+11   4.073E+09   5.708E+01   4.129E-01   1.014E-10   3.961E+09   3.592E+09   4.067E+07   4.103E+08   1.951E+00   1.845E+00   2.410E+00   5.747E-01
    246          113       1   2.509E+11   2.983E+09   2.413E+01   1.800E-01   6.036E-11   5.866E+09   5.577E+09   6.554E+06   2.963E+08   2.198E+00   2.128E+00   6.634E-03   1.571E-01
    247          114       1   1.717E+11   2.366E+09   3.340E+01   1.334E-01   5.636E-11   1.140E+09   9.835E+08   5.086E+06   1.620E+08   2.883E+00   2.607E+00   4.414E-01   3.257E-01
    248          114       0   1.717E+11   1.175E+09   3.606E+01   9.108E-02   7.754E-11   1.446E+09   1.347E+09   9.845E+06   1.084E+08   1.940E+00   1.935E+00   1.953E+00   2.548E-01
    249          115       1   2.210E+11   1.713E+09   1.958E+01   7.322E-01   4.274E-10   3.099E+09   2.690E+09   1.129E+08   5.220E+08   1.012E+00   1.315E+00   3.955E+00   6.057E+00
    250          116       1   2.280E+11   5.815E+09   3.398E+01   5.216E-01   8.970E-11   1.690E+09   1.146E+09   4.054E+07   5.842E+08   2.784E+00   2.715E+00   6.077E-01   2.676E+00
    251          117       1   2.680E+11   6.423E+09   1.278E+02   2.248E-01   3.500E-11   4.264E+08   3.048E+08   7.317E+07   1.947E+08   3.721E+00   3.774E+00   3.476E+01   5.076E+01
    252          118       1   2.704E+11   5.659E+09   3.362E+01   3.402E-01   6.012E-11   1.747E+09   1.378E+09   1.477E+07   3.838E+08   4.143E+00   3.152E+00   4.684E-01   5.631E-01
    253          119       1   2.015E+11   3.355E+09   2.936E+01   3.022E-01   9.008E-11   4.197E+09   3.854E+09   2.411E+07   3.673E+08   2.620E+00   2.483E+00   2.302E+00   5.589E-01
    254          120       1   2.629E+11   4.127E+09   9.408E+01   2.007E-02   4.864E-12   5.249E+07   3.487E+07   2.635E+06   2.026E+07   2.021E+00   2.053E+00   6.355E-01   3.510E+00
    255          121       1   2.403E+11   3.398E+09   7.858E+01   2.267E-01   6.671E-11   1.642E+09   1.429E+09   2.346E+07   2.362E+08   2.442E+00   2.711E+00   3.568E+00   1.131E+00
    256          122       1   1.198E+11   1.649E+09   2.407E+01   4.771E-01   2.894E-10   1.350E+09   1.061E+09   4.466E+07   3.341E+08   1.199E+00   1.659E+00   3.274E-01   2.236E+00
    257          122       0   1.198E+11   1.266E+09   4.456E+01   7.431E-03   5.871E-12   2.833E+07   1.998E+07   4.860E+05   8.832E+06   2.253E+00   2.668E+00   6.965E-02   1.117E+00
    258          123       1   2.417E+11   1.178E+09   2.164E+01   9.759E-02   8.284E-11   1.423E+09   1.322E+09   9.037E+06   1.102E+08   1.475E+00   1.875E+00   9.146E-01   2.354E+00
    259          124       1   2.310E+11   4.078E+09   9.953E+01   1.190E-01   2.919E-11   3.018E+08   2.073E+08   2.558E+07   1.200E+08   2.437E+00   2.892E+00   1.478E+01   1.116E+01
    260          125       1   6.045E+10   1.247E+09   1.062E+01   7.417E-02   5.948E-11   8.633E+08   7.671E+08   2.007E+06   9.823E+07   2.143E+00   2.073E+00   3.881E-02   1.792E-01
    261          125       0   6.045E+10   1.223E+09   2.839E+01   2.838E-02   2.320E-11   8.090E+07   4.825E+07   1.583E+06   3.423E+07   2.269E+00   2.692E+00   1.876E-01   2.452E+00
    262          126       1   2.269E+11   4.254E+09   7.657E+01   3.029E-01   7.120E-11   2.261E+09   1.976E+09   4.936E+07   3.350E+08   2.309E+00   2.296E+00   4.355E+00   4.059E+00
    263          127       1   2.020E+11   2.450E+09   4.751E+01   9.390E-02   3.833E-11   3.649E+09   3.505E+09   4.638E+06   1.494E+08   3.184E+00   2.699E+00   6.071E-01   2.423E-01
    264          128       1   2.071E+11   3.339E+09   7.136E+01   2.400E-01   7.186E-11   1.020E+09   7.714E+08   8.309E+06   2.567E+08   2.795E+00   2.872E+00   7.226E-02   1.148E+00
    265          129       1   1.374E+11   2.479E+09   1.328E+01   1.266E-01   5.106E-11   1.280E+09   1.120E+09   2.851E+06   1.622E+08   2.007E+00   2.384E+00   4.461E-03   2.078E-01
    266          131       1   2.016E+11   2.682E+09   4.333E+01   9.628E-02   3.590E-11   2.381E+09   2.212E+09   5.927E+06   1.744E+08   2.858E+00   2.718E+00   1.622E+00   3.341E-01
    267          132       1   6.634E+10   1.012E+09   2.571E+01   2.394E-01   2.366E-10   8.642E+08   7.199E+08   3.519E+07   1.795E+08   1.294E+00   1.504E+00   1.385E+00   4.768E+00
    268          133       1   2.019E+11   4.069E+09   2.231E+01   2.434E-01   5.983E-11   2.214E+09   1.929E+09   6.835E+06   2.917E+08   2.244E+00   2.702E+00   1.958E-02   5.310E-01
    269          134       1   1.895E+11   2.745E+09   7.023E+01   1.386E-01   5.051E-11   1.117E+09   9.648E+08   5.777E+06   1.579E+08   2.120E+00   2.369E+00   1.549E-01   7.071E-01
    270          135       1   1.638E+11   1.609E+09   2.550E+01   2.621E-01   1.629E-10   1.636E+09   1.423E+09   2.458E+07   2.382E+08   1.548E+00   1.730E+00   4.751E+00   1.665E+00
    271          136       1   2.095E+11   4.016E+09   1.479E+01   1.754E-01   4.367E-11   1.221E+09   1.000E+09   4.004E+06   2.245E+08   2.768E+00   2.823E+00   6.348E-03   2.485E-01
    272          137       1   1.553E+11   2.838E+09   2.647E+01   5.891E-01   2.076E-10   2.112E+09   1.663E+09   6.479E+07   5.131E+08   1.566E+00   1.765E+00   2.056E+00   6.861E+00
    273          138       1   1.617E+11   1.741E+09   2.715E+01   8.011E-02   4.603E-11   1.957E+09   1.840E+09   4.005E+06   1.201E+08   1.629E+00   1.768E+00   3.652E-01   9.610E-02
    274          139       1   1.122E+11   1.187E+09   3.577E+01   2.036E-01   1.716E-10   8.816E+08   7.469E+08   4.637E+07   1.810E+08   1.704E+00   1.802E+00   1.386E+01   9.074E+00
    275          140       1   1.840E+11   1.588E+09   2.304E+01   2.826E-01   1.779E-10   2.706E+09   2.476E+09   1.539E+07   2.455E+08   1.350E+00   1.698E+00   3.376E-01   9.761E-01
    276          141       1   2.023E+11   2.607E+09   1.976E+01   6.406E-02   2.457E-11   6.889E+08   5.813E+08   1.161E+06   1.088E+08   3.105E+00   3.275E+00   1.998E-02   5.242E-01
    277          142       1   1.717E+11   1.558E+09   1.097E+01   1.225E-01   7.865E-11   3.989E+09   3.813E+09   3.023E+06   1.797E+08   1.683E+00   1.787E+00   7.120E-03   1.553E-01
    278          143       1   1.919E+11   3.302E+09   3.402E+01   3.245E-01   9.827E-11   1.224E+09   9.237E+08   1.668E+07   3.170E+08   2.626E+00   2.657E+00   1.481E-01   9.395E-01
    279          144       1   1.954E+11   2.790E+09   4.157E+01   1.903E-01   6.818E-11   2.093E+09   1.893E+09   6.546E+06   2.061E+08   1.945E+00   2.073E+00   2.642E-02   2.812E-01
    280          145       1   1.696E+11   2.848E+09   2.340E+01   1.999E-01   7.019E-11   3.872E+09   3.617E+09   9.813E+06   2.650E+08   2.776E+00   2.095E+00   1.605E+00   2.061E-01
    281          146       1   1.458E+11   2.214E+09   2.481E+01   2.360E-01   1.066E-10   3.575E+09   3.340E+09   9.021E+06   2.434E+08   1.356E+00   1.601E+00   7.330E-03   1.409E-01
    282          147       1   1.659E+11   1.800E+09   4.534E+01   8.763E-02   4.868E-11   3.035E+09   2.912E+09   2.130E+06   1.252E+08   1.637E+00   1.859E+00   1.883E-03   1.013E-01
    283          148       1   1.281E+11   1.940E+09   3.322E+01   4.511E-01   2.325E-10   2.430E+09   2.159E+09   4.606E+07   3.165E+08   1.119E+00   1.426E+00   9.958E-01   2.222E+00
    284          150       1   1.808E+11   2.912E+09   3.620E+01   2.545E-01   8.743E-11   2.108E+09   1.834E+09   9.911E+06   2.846E+08   2.522E+00   2.505E+00   1.108E-01   6.396E-01
    285          151       1   1.417E+11   2.969E+09   7.514E+01   4.778E-01   1.609E-10   1.686E+09   1.386E+09   9.006E+07   3.899E+08   1.588E+00   1.868E+00   1.127E+01   1.191E+01
    286          152       1   1.360E+11   2.649E+09   8.138E+01   1.452E-01   5.482E-11   1.419E+09   1.253E+09   8.648E+06   1.740E+08   2.738E+00   2.533E+00   1.221E+00   5.617E-01
    287          153       1   1.839E+11   3.856E+09   3.179E+01   1.789E-01   4.640E-11   5.871E+08   3.635E+08   6.714E+06   2.303E+08   3.381E+00   3.306E+00   9.314E-02   1.255E+00
    288          155       1   1.497E+11   2.500E+09   1.869E+01   3.376E-01   1.350E-10   2.635E+09   2.362E+09   1.256E+07   2.861E+08   1.232E+00   1.865E+00   1.137E-02   2.155E-01
    289          156       1   1.940E+11   3.095E+09   8.507E+01   5.313E-03   1.717E-12   1.122E+07   4.450E+06   1.898E+05   6.955E+06   2.923E+00   2.806E+00   1.012E-01   2.639E+00
    290          157       1   1.494E+11   1.878E+09   3.476E+01   2.758E-01   1.469E-10   1.011E+09   8.031E+08   2.811E+07   2.355E+08   1.779E+00   2.001E+00   1.216E+00   2.190E+00
    291          158       1   1.609E+11   2.840E+09   4.498E+01   2.479E-01   8.729E-11   1.110E+09   8.613E+08   2.826E+07   2.767E+08   2.963E+00   2.958E+00   2.392E+00   6.143E+00
    292          159       1   1.260E+11   1.063E+09   1.831E+01   1.202E-01   1.131E-10   1.274E+09   1.154E+09   6.659E+06   1.276E+08   1.903E+00   1.959E+00   4.042E-01   1.269E+00
    293          160       1   1.524E+11   2.880E+09   2.286E+01   2.288E-01   7.943E-11   1.064E+09   8.215E+08   1.146E+07   2.543E+08   2.452E+00   2.482E+00   1.772E-01   1.254E+00
    294          161       1   1.654E+11   2.315E+09   4.098E+01   2.495E-01   1.078E-10   6.232E+08   3.864E+08   1.724E+07   2.541E+08   2.253E+00   2.444E+00   2.340E-01   2.475E+00
    295          162       1   1.355E+11   1.473E+09   1.166E+01   1.783E-01   1.211E-10   2.082E+09   1.914E+09   6.070E+06   1.741E+08   1.592E+00   1.639E+00   1.150E-02   1.811E-01
    296          163       1   1.584E+11   2.949E+09   3.968E+01   2.099E-01   7.119E-11   8.532E+08   6.391E+08   1.494E+07   2.290E+08   2.638E+00   2.726E+00   9.205E-01   2.213E+00
    297          165       1   1.707E+11   2.778E+09   1.169E+02   5.250E-02   1.890E-11   3.779E+07   7.850E+06   1.724E+07   4.719E+07   2.853E+00   2.844E+00   1.219E+01   2.439E+01
    298          166       1   1.345E+11   1.334E+09   8.115E+00   3.113E-01   2.333E-10   2.750E+09   2.504E+09   1.259E+07   2.589E+08   1.344E+00   1.604E+00   3.916E-02   3.520E-01
    299          167       1   1.240E+11   1.004E+09   6.713E+00   2.345E-01   2.335E-10   2.350E+09   2.198E+09   1.239E+07   1.640E+08   8.479E-01   1.270E+00   2.587E-02   2.705E-01
    300          169       1   1.510E+11   2.388E+09   9.765E+01   1.831E-01   7.667E-11   3.478E+08   2.442E+08   4.864E+07   1.522E+08   1.918E+00   2.092E+00   2.371E+01   1.701E+01
    301          170       1   1.512E+11   2.312E+09   2.718E+01   6.518E-02   2.819E-11   4.739E+08   3.776E+08   1.607E+06   9.789E+07   2.861E+00   3.120E+00   5.857E-02   4.183E-01
    302          171       1   1.415E+11   2.097E+09   2.161E+01   1.399E-01   6.673E-11   4.679E+08   3.157E+08   1.051E+07   1.627E+08   2.627E+00   2.564E+00   5.813E-01   2.558E+00
    303          172       1   1.367E+11   3.054E+09   4.360E+01   3.504E-01   1.147E-10   1.552E+09   1.275E+09   3.436E+07   3.114E+08   1.888E+00   2.019E+00   1.045E+00   3.439E+00
    304          173       1   1.251E+11   2.880E+09   1.655E+01   2.645E-01   9.182E-11   2.210E+09   1.953E+09   8.668E+06   2.659E+08   1.691E+00   2.045E+00   1.869E-02   3.464E-01
    305          174       1   1.500E+11   2.562E+09   5.803E+01   2.169E-01   8.465E-11   6.832E+08   4.791E+08   2.852E+07   2.327E+08   2.364E+00   2.489E+00   2.555E+00   7.596E+00
    306          175       1   1.456E+11   2.709E+09   6.610E+01   1.721E-01   6.352E-11   5.193E+08   3.455E+08   1.128E+07   1.851E+08   2.323E+00   2.614E+00   1.943E-01   2.580E+00
    307          176       1   1.148E+11   1.090E+09   1.915E+01   1.984E-01   1.820E-10   1.929E+09   1.764E+09   1.633E+07   1.811E+08   1.405E+00   1.680E+00   5.084E-01   2.323E+00
    308          179       1   1.321E+11   1.370E+09   2.460E+01   2.940E-01   2.146E-10   6.828E+08   5.293E+08   7.218E+07   2.256E+08   1.117E+00   1.311E+00   1.869E+01   2.112E+01
    309          180       1   1.313E+11   2.305E+09   2.869E+01   1.339E-01   5.808E-11   1.036E+09   8.836E+08   4.112E+06   1.566E+08   2.238E+00   2.579E+00   5.084E-03   2.352E-01
    310          182       1   1.285E+11   1.598E+09   2.744E+01   8.927E-02   5.588E-11   8.760E+08   7.744E+08   5.537E+06   1.072E+08   2.694E+00   2.580E+00   1.839E+00   1.418E+00
    311          183       1   1.168E+11   2.189E+09   1.876E+01   1.921E-01   8.778E-11   1.415E+09   1.218E+09   6.238E+06   2.026E+08   2.391E+00   2.478E+00   2.702E-02   5.524E-01
    312          184       1   1.259E+11   1.555E+09   3.097E+01   2.696E-01   1.734E-10   6.516E+08   5.160E+08   7.506E+07   2.107E+08   1.407E+00   1.531E+00   1.923E+01   2.397E+01
    313          185       1   1.166E+11   1.207E+09   1.464E+01   1.680E-01   1.392E-10   2.312E+09   2.156E+09   1.245E+07   1.685E+08   1.876E+00   1.816E+00   1.770E+00   3.133E-01
    314          186       1   1.362E+11   1.710E+09   2.525E+01   1.398E-01   8.176E-11   8.012E+08   6.661E+08   6.165E+06   1.413E+08   2.169E+00   2.244E+00   2.707E-01   5.278E-01
    315          187       1   1.233E+11   2.577E+09   2.160E+01   2.126E-01   8.251E-11   1.407E+09   1.194E+09   8.023E+06   2.208E+08   2.476E+00   2.370E+00   7.375E-02   5.137E-01
    316          188       1   1.265E+11   1.237E+09   4.173E+01   3.773E-02   3.050E-11   1.716E+09   1.648E+09   1.084E+06   6.858E+07   1.780E+00   1.855E+00   4.704E-02   1.118E-01
    317          189       1   1.257E+11   1.805E+09   2.728E+01   1.970E-01   1.092E-10   1.151E+09   9.722E+08   1.399E+07   1.932E+08   2.312E+00   2.278E+00   1.150E+00   1.126E+00
    318          192       1   1.313E+11   1.739E+09   3.515E+01   1.346E-01   7.741E-11   6.733E+08   5.580E+08   2.161E+07   1.369E+08   1.743E+00   1.924E+00   3.360E+00   9.518E+00
    319          193       1   1.231E+11   2.261E+09   1.326E+01   3.937E-01   1.741E-10   1.355E+09   1.042E+09   2.272E+07   3.357E+08   1.571E+00   1.918E+00   1.705E-01   1.168E+00
    320          195       1   1.303E+11   1.790E+09   5.239E+01   7.895E-02   4.411E-11   3.907E+08   3.058E+08   3.386E+06   8.824E+07   2.213E+00   2.523E+00   2.103E-01   1.428E+00
    321          196       1   1.337E+11   1.786E+09   3.893E+01   4.684E-02   2.622E-11   1.433E+08   9.007E+07   2.208E+06   5.545E+07   3.500E+00   3.531E+00   1.835E-01   8.056E-01
    322          198       1   1.121E+11   1.088E+09   1.454E+01   9.691E-02   8.906E-11   2.022E+09   1.904E+09   3.733E+06   1.214E+08   2.000E+00   1.966E+00   1.198E-01   1.743E-01
    323          200       1   1.217E+11   1.686E+09   2.300E+01   1.324E-01   7.852E-11   5.070E+08   3.882E+08   1.229E+07   1.312E+08   1.710E+00   1.981E+00   1.329E+00   1.638E+00
    324          201       1   1.053E+11   1.168E+09   1.832E+01   1.441E-01   1.233E-10   1.780E+09   1.636E+09   5.996E+06   1.500E+08   1.768E+00   1.916E+00   1.013E-01   4.218E-01
    325          202       1   1.164E+11   1.859E+09   7.208E+00   1.202E-01   6.468E-11   1.351E+09   1.203E+09   3.093E+06   1.512E+08   2.099E+00   2.094E+00   8.942E-03   2.436E-01
    326          203       1   1.265E+11   1.982E+09   7.615E+01   2.188E-02   1.104E-11   2.559E+08   2.153E+08   7.434E+05   4.143E+07   3.759E+00   3.343E+00   1.421E-01   5.115E-01
    327          204       1   1.152E+11   1.515E+09   2.376E+01   6.137E-02   4.050E-11   2.407E+08   1.707E+08   2.206E+06   7.219E+07   2.361E+00   2.576E+00   6.055E-02   1.120E+00
    328          205       1   1.184E+11   1.362E+09   1.592E+01   2.016E-01   1.480E-10   6.667E+08   5.074E+08   1.210E+07   1.714E+08   1.642E+00   1.936E+00   1.782E-01   9.814E-01
    329          208       1   1.098E+11   1.393E+09   1.124E+01   1.198E-01   8.599E-11   1.305E+09   1.162E+09   3.693E+06   1.458E+08   2.011E+00   2.129E+00   5.568E-02   3.256E-01
    330          209       1   1.043E+11   1.486E+09   2.976E+01   7.335E-02   4.937E-11   5.160E+08   4.374E+08   8.055E+06   8.659E+07   1.949E+00   2.259E+00   1.171E+00   3.412E+00
    331          210       1   1.005E+11   1.263E+09   4.874E+01   4.789E-02   3.791E-11   2.024E+08   1.539E+08   5.414E+06   5.387E+07   1.960E+00   2.220E+00   2.270E+00   5.036E+00
    332          211       1   8.518E+10   1.150E+09   1.736E+01   1.686E-01   1.466E-10   4.213E+08   2.854E+08   1.330E+07   1.492E+08   1.400E+00   1.872E+00   2.109E-01   2.094E+00
    333          213       1   1.101E+11   1.360E+09   1.379E+01   1.687E-01   1.240E-10   7.843E+08   6.371E+08   7.001E+06   1.542E+08   1.751E+00   2.106E+00   5.488E-02   6.682E-01
    334          215       1   1.084E+11   1.827E+09   3.932E+01   1.060E-01   5.801E-11   2.671E+08   2.222E+08   4.004E+07   8.500E+07   3.181E+00   3.123E+00   4.210E+01   4.893E+01
    335          216       1   1.127E+11   1.212E+09   4.870E+01   9.266E-02   7.643E-11   2.208E+08   1.340E+08   6.881E+06   9.375E+07   2.006E+00   2.286E+00   3.715E-01   3.320E+00
    336          217       1   1.060E+11   1.518E+09   8.229E+00   1.338E-01   8.814E-11   9.291E+08   7.901E+08   4.142E+06   1.431E+08   1.924E+00   2.122E+00   3.225E-02   4.931E-01
    337          218       1   1.051E+11   1.733E+09   6.614E+01   3.024E-02   1.745E-11   6.012E+08   5.546E+08   7.591E+05   4.739E+07   2.389E+00   2.865E+00   2.584E-02   4.394E-01
    338          220       1   1.034E+11   1.596E+09   1.809E+01   1.300E-01   8.146E-11   2.132E+09   1.979E+09   4.431E+06   1.576E+08   2.067E+00   2.157E+00   5.397E-02   4.497E-01
    339          222       1   1.058E+11   1.064E+09   1.542E+01   1.088E-01   1.022E-10   9.850E+08   8.726E+08   3.294E+06   1.157E+08   2.152E+00   2.097E+00   4.702E-02   3.353E-01
    340          223       1   1.074E+11   1.496E+09   2.199E+01   7.904E-02   5.285E-11   3.479E+08   2.684E+08   2.100E+06   8.161E+07   2.497E+00   2.533E+00   1.392E-02   3.652E-01
    341          226       1   1.006E+11   1.124E+09   1.504E+01   8.034E-02   7.146E-11   5.915E+08   5.040E+08   2.027E+06   8.956E+07   2.007E+00   2.277E+00   1.958E-02   2.865E-01
    342          227       1   1.021E+11   1.230E+09   8.214E+00   1.096E-01   8.911E-11   1.471E+09   1.353E+09   2.514E+06   1.205E+08   1.528E+00   1.871E+00   4.047E-03   1.697E-01
    343          228       1   1.018E+11   1.264E+09   4.501E+01   2.674E-02   2.116E-11   4.514E+07   2.066E+07   4.240E+06   2.872E+07   2.404E+00   2.531E+00   3.369E+00   8.819E+00
    344          231       1   9.400E+10   1.463E+09   1.396E+01   1.226E-01   8.378E-11   1.433E+09   1.291E+09   3.716E+06   1.459E+08   2.147E+00   2.132E+00   4.401E-02   2.809E-01
    345          233       1   9.271E+10   1.354E+09   1.898E+01   1.536E-01   1.134E-10   6.136E+08   4.876E+08   1.268E+07   1.387E+08   1.551E+00   1.945E+00   9.116E-01   9.982E-01
    346          236       1   8.016E+10   1.100E+09   1.088E+01   9.090E-02   8.262E-11   1.030E+09   9.353E+08   2.678E+06   9.716E+07   1.561E+00   1.941E+00   4.676E-03   1.642E-01
    347          245       1   8.655E+10   1.439E+09   3.706E+01   1.857E-01   1.290E-10   1.124E+09   9.681E+08   2.284E+07   1.785E+08   2.077E+00   2.032E+00   5.075E+00   3.104E+00
    348          254       1   9.438E+10   1.144E+09   3.125E+01   2.022E-02   1.768E-11   3.551E+07   1.239E+07   1.909E+06   2.503E+07   2.901E+00   3.143E+00   5.084E-01   3.848E+00
    349          257       1   8.930E+10   1.216E+09   2.911E+01   9.500E-02   7.815E-11   3.629E+08   2.847E+08   1.033E+07   8.852E+07   2.191E+00   2.177E+00   6.544E+00   1.125E+00
    350          260       1   9.239E+10   1.984E+09   5.032E+01   2.807E-02   1.415E-11   7.729E+07   4.428E+07   2.686E+06   3.569E+07   2.692E+00   2.790E+00   1.713E+00   3.841E+00
    351          262       1   7.743E+10   1.008E+09   2.058E+01   9.689E-02   9.609E-11   2.423E+08   1.575E+08   1.260E+07   9.744E+07   1.633E+00   1.823E+00   2.026E+00   5.804E+00
    352          263       1   9.078E+10   1.791E+09   4.416E+01   7.257E-02   4.051E-11   8.758E+07   2.681E+07   1.444E+07   7.521E+07   3.118E+00   3.167E+00   3.237E+00   1.028E+01
    353          264       1   8.502E+10   1.181E+09   1.622E+01   1.336E-01   1.130E-10   9.291E+08   8.023E+08   8.796E+06   1.356E+08   1.787E+00   1.952E+00   5.802E-01   1.465E+00
    354          269       1   8.426E+10   1.109E+09   1.059E+01   7.341E-02   6.620E-11   5.706E+08   4.885E+08   2.236E+06   8.439E+07   1.990E+00   2.256E+00   3.518E-02   5.634E-01
    355          270       1   7.787E+10   1.323E+09   9.801E+00   7.483E-02   5.656E-11   6.987E+08   6.177E+08   1.927E+06   8.291E+07   1.499E+00   1.951E+00   1.624E-02   2.329E-01
    356          272       1   8.023E+10   1.084E+09   6.777E+00   1.591E-01   1.467E-10   1.104E+09   9.712E+08   5.176E+06   1.375E+08   1.365E+00   1.758E+00   1.569E-02   3.581E-01
    357          273       1   9.118E+10   1.396E+09   3.757E+01   6.714E-03   4.811E-12   1.784E+07   8.187E+06   3.092E+05   9.965E+06   3.467E+00   3.498E+00   5.606E-02   1.527E+00
    358          287       1   7.394E+10   1.076E+09   2.949E+01   6.941E-02   6.450E-11   1.575E+08   9.280E+07   8.575E+06   7.323E+07   2.466E+00   2.603E+00   1.508E+00   6.229E+00
    359          291       1   7.578E+10   1.027E+09   2.041E+01   3.383E-02   3.292E-11   6.203E+07   2.397E+07   2.228E+06   4.029E+07   2.538E+00   2.813E+00   1.022E-01   1.805E+00
    360          294       1   7.172E+10   1.317E+09   3.806E+01   9.531E-02   7.235E-11   3.790E+08   2.973E+08   1.062E+07   9.224E+07   1.797E+00   1.982E+00   2.499E+00   3.750E+00
    361          330       1   6.816E+10   2.128E+09   2.716E+01   6.360E-02   2.989E-11   1.713E+08   8.541E+07   2.239E+06   8.815E+07   3.793E+00   3.662E+00   1.326E-01   1.235E+00
    362          414       1   4.735E+10   1.109E+09   1.260E+01   6.566E-02   5.921E-11   2.854E+08   2.206E+08   2.693E+06   6.748E+07   1.735E+00   2.076E+00   2.631E-02   6.481E-01
    363          418       1   4.991E+10   1.283E+09   3.213E+01   4.711E-02   3.673E-11   1.282E+08   7.618E+07   2.725E+06   5.475E+07   2.536E+00   2.753E+00   4.529E-01   2.227E+00
