# Eagle run L0025N0752/REFERENCE snapshot_023_z000p503
# number of galaxies = 334
# SubIndex; GroupNumber; IsCentral; M200 of host [Msun]; M*,30pkpc [Msun]; Sigma_*,r1/2 [Msun ppc^-2]; SFR [Msun yr^-1]; sSFR [yr^-1];
    M_HI_BR06 [Msun]; M_HI_GK11 [Msun]; M_H2_BR06 [Msun]; M_H2_GK11 [Msun]; MMW ZH2_BR06_rhalf [Zsun]; MMW ZH2_GK11_rhalf [Zsun]; SigmaH2_BR06,r1/2 [Msun ppc^-2]; SigmaH2_GK11,r1/2 [Msun ppc^-2]
      0            0       1   1.389E+13   7.023E+10   1.041E+02   4.627E+00   6.588E-11   1.072E+10   6.879E+09   1.411E+09   5.252E+09   1.686E+00   1.949E+00   6.220E-01   1.966E+00
      1            0       0   1.389E+13   1.878E+10   2.361E+02   2.952E+00   1.572E-10   3.017E+09   1.007E+09   6.280E+08   2.638E+09   3.290E+00   3.297E+00   3.226E+00   8.724E+00
      2            0       0   1.389E+13   1.226E+10   4.021E+02   1.615E+00   1.317E-10   1.814E+09   6.125E+08   2.881E+08   1.489E+09   3.274E+00   2.952E+00   6.449E+00   7.944E+00
      3            0       0   1.389E+13   1.137E+10   2.053E+02   2.922E+00   2.569E-10   2.951E+09   1.510E+09   8.366E+08   2.278E+09   2.012E+00   2.272E+00   1.197E+01   1.791E+01
      4            0       0   1.389E+13   8.340E+09   8.099E+01   9.822E-01   1.178E-10   1.297E+09   3.506E+08   1.253E+08   1.072E+09   3.231E+00   3.128E+00   1.360E+00   6.000E+00
      5            0       0   1.389E+13   1.177E+10   2.545E+02   7.084E-01   6.018E-11   7.125E+08   9.856E+07   1.294E+08   7.433E+08   4.280E+00   4.133E+00   5.563E+00   9.004E+00
      6            0       0   1.389E+13   7.757E+09   1.867E+02   1.116E-01   1.438E-11   9.120E+07   1.375E+07   2.444E+07   1.019E+08   5.130E+00   4.929E+00   2.693E+00   9.930E+00
      7            0       0   1.389E+13   2.645E+09   5.544E+01   2.432E-01   9.196E-11   3.524E+08   1.408E+08   4.363E+07   2.552E+08   2.345E+00   2.441E+00   3.857E+00   1.437E+01
      8            0       0   1.389E+13   5.981E+09   2.146E+02   5.814E-01   9.722E-11   1.887E+08   1.070E+07   2.172E+08   3.952E+08   4.382E+00   4.358E+00   5.059E+01   5.924E+01
      9            0       0   1.389E+13   2.539E+09   8.568E+01   1.104E-01   4.346E-11   7.031E+07   1.282E+07   3.522E+07   9.271E+07   3.578E+00   3.602E+00   1.887E+01   3.066E+01
     10            0       0   1.389E+13   2.120E+09   6.681E+01   2.428E-01   1.145E-10   2.115E+08   6.501E+07   6.978E+07   2.162E+08   2.651E+00   2.679E+00   2.084E+01   2.907E+01
     11            0       0   1.389E+13   4.686E+09   2.128E+02   1.041E-01   2.221E-11   3.877E+07   1.121E+06   3.829E+07   7.594E+07   4.495E+00   4.459E+00   2.384E+01   4.247E+01
     12            0       0   1.389E+13   1.382E+09   2.661E+01   1.054E-01   7.628E-11   1.480E+08   5.148E+07   1.430E+07   1.108E+08   2.268E+00   2.311E+00   3.833E+00   1.036E+01
     13            0       0   1.389E+13   2.309E+09   8.908E+01   0.000E+00   0.000E+00   0.000E+00   0.000E+00   0.000E+00   0.000E+00  -1.000E+00  -1.000E+00  -1.000E+00  -1.000E+00
     14            1       1   4.576E+12   3.558E+10   2.918E+02   6.778E+00   1.905E-10   9.025E+09   4.527E+09   1.384E+09   5.882E+09   3.138E+00   2.958E+00   3.932E+00   1.187E+01
     15            1       0   4.576E+12   2.627E+10   3.342E+02   7.015E+00   2.670E-10   7.709E+09   4.167E+09   1.863E+09   5.405E+09   2.594E+00   2.591E+00   1.248E+01   1.966E+01
     16            1       0   4.576E+12   1.347E+10   1.011E+02   1.737E+00   1.289E-10   5.129E+09   3.689E+09   1.294E+08   1.570E+09   3.944E+00   3.398E+00   1.071E+00   2.316E+00
     17            1       0   4.576E+12   4.393E+09   1.349E+02   1.544E-01   3.514E-11   1.725E+08   8.300E+07   4.403E+07   1.335E+08   2.522E+00   2.633E+00   2.938E+01   3.768E+01
     18            1       0   4.576E+12   1.667E+09   2.923E+01   4.110E-01   2.466E-10   1.050E+09   8.211E+08   5.914E+07   2.878E+08   1.668E+00   1.734E+00   1.601E+01   4.721E+00
     19            1       0   4.576E+12   1.320E+09   2.098E+01   2.990E-01   2.265E-10   7.252E+08   4.970E+08   2.562E+07   2.538E+08   1.796E+00   1.920E+00   5.177E-01   3.659E+00
     20            1       0   4.576E+12   1.271E+09   4.464E+01   1.802E-01   1.417E-10   2.144E+08   7.285E+07   3.377E+07   1.753E+08   2.330E+00   2.379E+00   1.494E+01   1.449E+01
     21            2       1   2.999E+12   3.553E+10   1.480E+02   1.017E+01   2.861E-10   1.080E+10   6.496E+09   3.072E+09   7.377E+09   2.310E+00   2.264E+00   8.406E+01   4.007E+01
     22            2       0   2.999E+12   1.885E+10   3.310E+02   4.594E+00   2.437E-10   5.359E+09   3.138E+09   1.513E+09   3.735E+09   2.462E+00   2.520E+00   2.288E+01   3.293E+01
     23            2       0   2.999E+12   1.362E+10   3.848E+02   1.346E+00   9.878E-11   1.239E+09   5.025E+08   3.275E+08   1.064E+09   2.801E+00   2.955E+00   1.564E+01   1.769E+01
     24            2       0   2.999E+12   2.740E+09   7.421E+01   5.501E-01   2.008E-10   1.252E+09   8.515E+08   7.402E+07   4.745E+08   2.137E+00   2.238E+00   1.323E+00   6.745E+00
     25            2       0   2.999E+12   1.631E+09   4.431E+01   4.625E-01   2.836E-10   8.345E+08   6.106E+08   9.485E+07   3.188E+08   1.181E+00   1.298E+00   8.855E+00   1.847E+01
     26            2       0   2.999E+12   4.963E+09   3.897E+02   3.261E+00   6.571E-10   7.658E+08   2.924E+08   1.160E+09   1.634E+09   1.970E+00   1.968E+00   3.615E+02   3.125E+02
     27            2       0   2.999E+12   1.080E+09   3.445E+01   9.910E-02   9.172E-11   2.759E+08   1.805E+08   6.891E+06   1.023E+08   2.231E+00   2.417E+00   6.586E-01   5.121E+00
     28            2       0   2.999E+12   1.548E+09   4.541E+01   7.360E-02   4.754E-11   1.055E+08   4.029E+07   1.229E+07   7.748E+07   2.934E+00   2.900E+00   5.578E+00   1.424E+01
     29            2       0   2.999E+12   1.024E+09   4.404E+01   3.016E-01   2.947E-10   3.533E+08   1.436E+08   5.525E+07   2.650E+08   1.738E+00   1.775E+00   1.416E+01   1.145E+01
     30            3       1   4.360E+12   5.952E+10   7.396E+02   5.763E+00   9.442E-11   3.766E+09   2.743E+09   1.985E+09   3.008E+09   2.873E+00   2.883E+00   9.614E+01   1.182E+02
     31            3       0   4.360E+12   2.832E+09   2.245E+02   1.740E-01   6.144E-11   1.461E+08   4.027E+07   4.977E+07   1.556E+08   3.458E+00   3.448E+00   1.205E+01   2.524E+01
     32            3       0   4.360E+12   3.039E+09   4.296E+01   1.848E-01   6.081E-11   1.820E+08   4.563E+07   4.375E+07   1.801E+08   3.470E+00   3.409E+00   2.190E+01   1.627E+01
     33            3       0   4.360E+12   1.004E+09   4.057E+01   2.186E-01   2.178E-10   3.129E+08   2.090E+08   6.569E+07   1.696E+08   1.624E+00   1.661E+00   4.582E+01   4.287E+01
     34            3       0   4.360E+12   1.231E+09   3.642E+01   2.452E-01   1.992E-10   3.521E+08   1.753E+08   4.853E+07   2.254E+08   2.383E+00   2.324E+00   9.119E+00   9.423E+00
     35            4       1   4.080E+12   4.078E+10   3.354E+02   4.782E+00   1.173E-10   8.802E+09   6.337E+09   9.279E+08   3.393E+09   2.321E+00   2.239E+00   5.706E+00   8.274E+00
     36            4       0   4.080E+12   3.728E+09   6.601E+01   1.107E+00   2.970E-10   1.977E+09   1.270E+09   2.172E+08   9.248E+08   1.751E+00   1.807E+00   8.381E+00   1.206E+01
     37            5       1   3.736E+12   1.138E+10   1.518E+02   6.163E+00   5.415E-10   7.023E+09   4.893E+09   1.994E+09   4.124E+09   1.843E+00   1.860E+00   5.898E+01   6.684E+01
     38            5       0   3.736E+12   3.003E+10   2.881E+02   7.752E+00   2.582E-10   6.860E+09   3.310E+09   2.267E+09   5.816E+09   3.179E+00   3.070E+00   2.415E+01   2.771E+01
     39            5       0   3.736E+12   3.383E+09   5.126E+01   1.285E+00   3.797E-10   3.901E+09   3.241E+09   1.992E+08   8.595E+08   1.630E+00   1.698E+00   4.659E+00   1.070E+01
     40            5       0   3.736E+12   7.249E+09   1.632E+02   2.934E+00   4.047E-10   5.781E+09   4.574E+09   6.579E+08   1.866E+09   1.767E+00   1.823E+00   1.821E+02   1.104E+01
     41            5       0   3.736E+12   1.052E+10   2.830E+02   2.118E+00   2.015E-10   2.654E+09   1.337E+09   3.842E+08   1.701E+09   2.619E+00   2.492E+00   4.816E+00   9.255E+00
     42            5       0   3.736E+12   1.533E+09   3.660E+01   5.115E-01   3.336E-10   1.246E+09   9.743E+08   5.112E+07   3.228E+08   1.878E+00   1.934E+00   1.963E+00   2.422E+00
     43            6       1   3.249E+12   6.517E+10   2.171E+03   1.857E+01   2.850E-10   3.037E+09   2.064E+09   3.741E+09   4.713E+09   5.373E+00   5.220E+00   2.250E+03   1.889E+03
     44            6       0   3.249E+12   1.837E+09   9.459E+01   4.229E-01   2.302E-10   6.428E+08   4.159E+08   9.938E+07   3.262E+08   1.989E+00   2.066E+00   9.647E+00   1.443E+01
     45            6       0   3.249E+12   1.977E+09   1.487E+02   8.572E-02   4.336E-11   5.028E+07   3.919E+06   2.767E+07   7.403E+07   3.426E+00   3.450E+00   1.321E+01   2.783E+01
     46            7       1   3.154E+12   4.065E+10   4.323E+02   6.337E+00   1.559E-10   5.208E+09   3.357E+09   2.401E+09   4.253E+09   2.163E+00   2.279E+00   3.425E+01   4.577E+01
     47            7       0   3.154E+12   2.394E+09   7.058E+01   7.737E-01   3.232E-10   1.676E+09   1.298E+09   1.319E+08   5.100E+08   1.629E+00   1.811E+00   8.868E+00   9.386E+00
     48            7       0   3.154E+12   2.807E+09   5.288E+01   6.759E-01   2.408E-10   1.360E+09   9.797E+08   1.465E+08   5.272E+08   1.506E+00   1.701E+00   9.566E+00   1.415E+01
     49            8       1   3.055E+12   4.718E+10   1.166E+03   1.829E+00   3.876E-11   2.689E+09   2.109E+09   5.499E+08   1.130E+09   2.874E+00   2.937E+00   5.712E+01   5.184E+01
     50            8       0   3.055E+12   3.072E+09   9.368E+01   4.497E-01   1.463E-10   5.456E+08   2.851E+08   1.164E+08   3.768E+08   2.387E+00   2.364E+00   1.889E+01   2.451E+01
     51            8       0   3.055E+12   3.743E+09   6.251E+01   7.967E-01   2.128E-10   9.985E+08   4.419E+08   1.704E+08   7.270E+08   2.203E+00   2.216E+00   6.021E+00   1.195E+01
     52            8       0   3.055E+12   1.332E+09   3.066E+01   2.475E-01   1.858E-10   5.235E+08   3.460E+08   3.497E+07   2.125E+08   1.683E+00   1.810E+00   2.453E+00   8.585E+00
     53            9       1   3.147E+12   5.005E+10   1.544E+03   1.973E+00   3.942E-11   6.873E+09   6.194E+09   7.850E+08   1.464E+09   2.071E+00   2.113E+00   7.813E+01   3.509E+01
     54            9       0   3.147E+12   1.562E+09   4.766E+01   4.850E-01   3.105E-10   2.344E+09   2.095E+09   3.010E+07   2.790E+08   1.725E+00   2.010E+00   1.027E-01   9.125E-01
     55            9       0   3.147E+12   4.874E+09   1.733E+02   1.278E+00   2.621E-10   1.619E+09   1.078E+09   2.833E+08   8.243E+08   1.710E+00   1.882E+00   3.212E+01   2.097E+01
     56           10       1   2.557E+12   6.054E+10   5.819E+02   5.532E+00   9.137E-11   7.703E+09   3.961E+09   1.162E+09   4.905E+09   4.838E+00   3.968E+00   1.908E+01   8.518E+00
     57           10       0   2.557E+12   3.634E+09   1.073E+02   4.343E-01   1.195E-10   3.540E+08   1.137E+08   1.302E+08   3.705E+08   2.941E+00   2.963E+00   2.657E+01   3.958E+01
     58           10       0   2.557E+12   1.505E+09   7.306E+01   2.665E-02   1.770E-11   5.655E+07   3.123E+07   3.692E+06   2.901E+07   3.446E+00   3.440E+00   2.415E+00   9.582E+00
     59           11       1   2.643E+12   3.671E+10   9.251E+02   4.147E+00   1.130E-10   4.525E+09   3.240E+09   1.288E+09   2.573E+09   3.000E+00   2.657E+00   3.040E+01   3.163E+01
     60           11       0   2.643E+12   1.110E+09   3.659E+01   3.224E-01   2.904E-10   1.345E+09   1.204E+09   5.700E+07   1.978E+08   1.059E+00   1.285E+00   2.823E+00   6.811E+00
     61           12       1   2.701E+12   3.335E+10   9.086E+02   3.482E+00   1.044E-10   4.939E+09   3.120E+09   7.956E+08   2.615E+09   2.330E+00   2.414E+00   5.885E+00   1.192E+01
     62           13       1   1.978E+12   3.160E+10   3.665E+02   3.046E+00   9.640E-11   5.460E+09   3.806E+09   7.068E+08   2.361E+09   2.981E+00   2.552E+00   3.943E+01   9.157E+00
     63           13       0   1.978E+12   8.524E+09   1.774E+02   1.545E+00   1.812E-10   4.961E+09   3.906E+09   1.915E+08   1.246E+09   3.200E+00   2.798E+00   4.697E+00   5.599E+00
     64           14       1   2.538E+12   3.665E+10   1.926E+03   6.215E+00   1.696E-10   4.370E+09   3.254E+09   2.295E+09   3.410E+09   3.200E+00   2.967E+00   5.119E+01   6.197E+01
     65           14       0   2.538E+12   2.547E+09   5.026E+01   5.990E-01   2.352E-10   1.980E+09   1.608E+09   6.881E+07   4.401E+08   2.547E+00   2.274E+00   6.754E+00   1.636E+00
     66           15       1   2.181E+12   2.746E+10   4.517E+02   3.999E-01   1.456E-11   3.136E+09   2.914E+09   8.967E+07   3.121E+08   1.866E+00   2.194E+00   9.707E-01   6.045E-01
     67           15       0   2.181E+12   1.412E+09   4.620E+01   3.402E-01   2.409E-10   6.481E+08   4.532E+08   5.259E+07   2.475E+08   1.365E+00   1.525E+00   5.058E+00   8.413E+00
     68           15       0   2.181E+12   6.111E+09   1.235E+02   2.464E+00   4.033E-10   2.102E+09   1.016E+09   7.154E+08   1.802E+09   1.845E+00   2.007E+00   1.059E+01   2.163E+01
     69           16       1   2.291E+12   3.388E+10   4.105E+02   4.338E+00   1.281E-10   5.018E+09   3.427E+09   1.468E+09   3.059E+09   2.714E+00   2.639E+00   5.835E+01   5.575E+01
     70           16       0   2.291E+12   1.766E+09   1.279E+02   1.505E-01   8.522E-11   1.746E+08   6.913E+07   3.316E+07   1.386E+08   2.180E+00   2.238E+00   6.161E+00   1.658E+01
     71           17       1   2.407E+12   6.583E+10   2.693E+03   2.118E+00   3.233E-11   1.839E+09   1.337E+09   7.288E+08   1.231E+09   3.822E+00   3.559E+00   2.844E+01   3.297E+01
     72           18       1   1.935E+12   2.284E+10   1.107E+02   1.327E+00   5.812E-11   4.929E+09   4.278E+09   2.015E+08   8.517E+08   9.693E-01   1.458E+00   1.195E+00   1.899E+00
     73           18       0   1.935E+12   1.271E+09   4.493E+01   3.570E-01   2.809E-10   1.160E+09   9.737E+08   5.953E+07   2.454E+08   1.419E+00   1.618E+00   4.694E+00   1.095E+01
     74           18       0   1.935E+12   4.491E+09   2.299E+02   1.235E+00   2.749E-10   5.378E+08   1.199E+08   4.622E+08   8.801E+08   2.441E+00   2.458E+00   3.578E+01   5.001E+01
     75           19       1   1.684E+12   1.400E+10   2.541E+02   2.707E+00   1.934E-10   6.765E+09   4.944E+09   3.702E+08   2.191E+09   2.922E+00   2.741E+00   3.407E+00   7.233E+00
     76           19       0   1.684E+12   8.785E+09   1.883E+02   2.122E+00   2.415E-10   4.985E+09   3.637E+09   2.985E+08   1.646E+09   2.317E+00   2.251E+00   3.095E+00   6.943E+00
     77           19       0   1.684E+12   6.245E+09   1.446E+02   2.203E+00   3.527E-10   2.079E+09   1.021E+09   6.383E+08   1.696E+09   2.127E+00   2.196E+00   1.659E+01   2.988E+01
     78           20       1   2.031E+12   3.581E+10   1.097E+03   8.066E+00   2.253E-10   2.864E+09   2.096E+09   2.794E+09   3.562E+09   3.239E+00   3.176E+00   2.724E+02   2.746E+02
     79           20       0   2.031E+12   2.353E+09   1.006E+02   1.444E-01   6.139E-11   2.243E+08   9.699E+07   1.929E+07   1.466E+08   2.557E+00   2.710E+00   2.188E+00   9.337E+00
     80           20       0   2.031E+12   1.918E+09   8.270E+01   2.236E-02   1.166E-11   4.005E+07   1.860E+07   2.161E+06   2.362E+07   2.654E+00   3.091E+00   6.746E-01   4.620E+00
     81           20       0   2.031E+12   1.449E+09   6.179E+01   7.410E-02   5.113E-11   7.849E+07   1.519E+07   1.358E+07   7.688E+07   4.067E+00   4.050E+00   7.541E+00   1.755E+01
     82           21       1   1.622E+12   2.940E+10   1.831E+03   1.083E-01   3.683E-12   2.474E+09   2.293E+09   1.976E+07   2.008E+08   9.505E-01   2.405E+00   1.496E-03   1.478E-02
     83           21       0   1.622E+12   3.845E+09   4.315E+01   9.218E-01   2.398E-10   2.742E+09   2.121E+09   9.676E+07   7.178E+08   2.282E+00   2.167E+00   3.379E+00   5.389E+00
     84           21       0   1.622E+12   5.743E+09   1.000E+02   9.881E-01   1.721E-10   1.107E+09   5.213E+08   2.506E+08   8.361E+08   2.750E+00   2.807E+00   1.726E+01   2.561E+01
     85           21       0   1.622E+12   2.461E+09   1.193E+02   2.458E-01   9.988E-11   7.484E+08   5.600E+08   1.187E+07   2.002E+08   2.430E+00   2.775E+00   1.114E-01   1.526E+00
     86           21       0   1.622E+12   1.026E+09   6.706E+01   9.669E-02   9.422E-11   2.163E+08   1.440E+08   1.510E+07   8.744E+07   2.307E+00   2.438E+00   3.036E+00   8.501E+00
     87           22       1   1.629E+12   1.965E+10   1.398E+02   3.369E+00   1.715E-10   7.192E+09   4.727E+09   6.232E+08   3.087E+09   2.433E+00   2.551E+00   2.966E+00   1.085E+01
     88           22       0   1.629E+12   3.516E+09   1.079E+02   9.645E-01   2.743E-10   1.805E+09   1.334E+09   2.559E+08   7.275E+08   1.733E+00   1.830E+00   2.703E+01   1.936E+01
     89           22       0   1.629E+12   1.532E+09   5.726E+01   3.147E-01   2.054E-10   4.077E+08   1.688E+08   5.719E+07   2.960E+08   2.216E+00   2.238E+00   5.251E+00   1.446E+01
     90           23       1   1.654E+12   2.422E+10   3.319E+02   3.512E+00   1.434E-10   4.790E+09   3.127E+09   1.014E+09   2.677E+09   3.239E+00   3.142E+00   1.652E+01   3.207E+01
     91           23       0   1.654E+12   6.382E+09   1.687E+02   2.143E+00   3.357E-10   2.214E+09   1.516E+09   6.217E+08   1.319E+09   1.915E+00   1.941E+00   1.349E+02   4.772E+01
     92           23       0   1.654E+12   1.578E+09   2.107E+01   5.164E-01   3.271E-10   1.369E+09   1.061E+09   5.127E+07   3.594E+08   1.299E+00   1.523E+00   2.220E+00   4.060E+00
     93           23       0   1.654E+12   1.151E+09   4.049E+01   2.286E-01   1.985E-10   4.216E+08   2.684E+08   3.313E+07   1.863E+08   1.674E+00   1.835E+00   3.959E+00   1.079E+01
     94           24       1   1.876E+12   2.782E+10   1.221E+02   3.664E+00   1.317E-10   1.106E+10   7.785E+09   2.902E+08   3.569E+09   2.757E+00   2.708E+00   2.640E-01   2.523E+00
     95           25       1   1.599E+12   2.376E+10   2.701E+02   4.499E+00   1.894E-10   4.276E+09   2.422E+09   1.459E+09   3.314E+09   2.446E+00   2.439E+00   1.786E+01   3.057E+01
     96           26       1   1.357E+12   1.731E+10   3.623E+02   3.930E+00   2.270E-10   3.957E+09   2.317E+09   1.241E+09   2.881E+09   2.289E+00   2.315E+00   1.670E+01   2.726E+01
     97           26       0   1.357E+12   1.818E+09   9.348E+01   2.064E-01   1.135E-10   2.970E+08   1.796E+08   4.977E+07   1.672E+08   2.108E+00   2.260E+00   1.266E+01   1.769E+01
     98           26       0   1.357E+12   1.307E+09   7.979E+01   1.298E-01   9.931E-11   2.776E+08   1.978E+08   2.369E+07   1.035E+08   1.774E+00   1.799E+00   9.031E+00   1.388E+01
     99           27       1   1.108E+12   1.545E+10   2.707E+02   1.850E+00   1.197E-10   4.210E+09   3.044E+09   3.124E+08   1.479E+09   2.609E+00   2.537E+00   6.204E+00   9.218E+00
    100           27       0   1.108E+12   4.585E+09   1.856E+02   1.314E+00   2.866E-10   2.075E+09   1.520E+09   3.037E+08   8.590E+08   1.805E+00   1.828E+00   3.334E+01   2.295E+01
    101           27       0   1.108E+12   3.414E+09   1.634E+02   6.760E-01   1.980E-10   5.705E+08   3.449E+08   2.441E+08   4.698E+08   2.173E+00   2.263E+00   4.420E+01   6.517E+01
    102           28       1   1.145E+12   2.633E+10   1.505E+02   5.483E+00   2.082E-10   6.554E+09   3.095E+09   1.161E+09   4.620E+09   2.558E+00   2.551E+00   4.798E+00   1.092E+01
    103           28       0   1.145E+12   2.267E+09   3.967E+01   5.938E-01   2.619E-10   1.625E+09   1.253E+09   7.241E+07   4.444E+08   1.517E+00   1.812E+00   1.147E+00   5.359E+00
    104           28       0   1.145E+12   2.135E+09   3.235E+01   6.871E-01   3.218E-10   3.026E+09   2.645E+09   4.801E+07   4.288E+08   1.770E+00   2.004E+00   2.295E-01   1.527E+00
    105           29       1   9.638E+11   2.157E+10   5.414E+02   6.808E+00   3.157E-10   4.751E+09   3.081E+09   2.485E+09   4.155E+09   2.458E+00   2.437E+00   7.363E+01   8.899E+01
    106           29       0   9.638E+11   1.867E+09   3.919E+01   5.570E-01   2.983E-10   3.072E+09   2.820E+09   4.199E+07   2.942E+08   1.524E+00   1.783E+00   5.805E-01   2.084E+00
    107           29       0   9.638E+11   1.027E+09   2.432E+01   2.578E-01   2.511E-10   4.838E+08   2.995E+08   2.231E+07   2.065E+08   1.516E+00   1.726E+00   6.113E-01   4.684E+00
    108           30       1   1.156E+12   2.626E+10   1.890E+02   6.265E+00   2.386E-10   9.919E+09   6.029E+09   1.434E+09   5.323E+09   3.062E+00   2.935E+00   1.050E+01   1.782E+01
    109           31       1   1.020E+12   1.841E+10   1.710E+02   1.327E+00   7.212E-11   4.324E+09   3.420E+09   1.943E+08   1.099E+09   1.916E+00   2.069E+00   4.889E+00   4.182E+00
    110           31       0   1.020E+12   1.107E+09   4.381E+01   1.464E-01   1.323E-10   3.083E+08   2.047E+08   2.518E+07   1.288E+08   1.802E+00   1.934E+00   4.956E+00   1.354E+01
    111           32       1   1.165E+12   2.118E+10   1.685E+02   1.690E+00   7.979E-11   7.384E+09   5.910E+09   7.324E+07   1.547E+09   2.666E+00   2.837E+00   5.831E-02   1.212E+00
    112           33       1   1.157E+12   2.727E+10   2.922E+02   8.435E-01   3.094E-11   2.032E+09   1.598E+09   1.791E+08   6.125E+08   2.471E+00   2.481E+00   8.134E+01   2.200E+00
    113           34       1   6.549E+11   1.259E+10   2.500E+02   1.537E+00   1.221E-10   3.529E+09   2.479E+09   1.679E+08   1.218E+09   3.366E+00   3.102E+00   4.783E+00   3.957E+00
    114           34       0   6.549E+11   5.599E+09   7.298E+01   1.418E+00   2.532E-10   2.594E+09   1.635E+09   1.584E+08   1.118E+09   1.953E+00   2.023E+00   9.808E-01   3.899E+00
    115           35       1   7.940E+11   6.065E+09   7.159E+01   1.815E+00   2.993E-10   6.910E+09   5.834E+09   1.704E+08   1.246E+09   2.159E+00   2.164E+00   1.410E+00   3.777E+00
    116           35       0   7.940E+11   2.374E+09   6.269E+01   1.147E+00   4.832E-10   4.353E+09   3.875E+09   1.516E+08   6.291E+08   1.132E+00   1.352E+00   4.917E+00   6.190E+00
    117           35       0   7.940E+11   2.418E+09   4.872E+01   9.602E-01   3.970E-10   2.533E+09   2.067E+09   1.596E+08   6.253E+08   1.277E+00   1.366E+00   8.886E+00   9.166E+00
    118           36       1   1.042E+12   2.296E+10   2.292E+02   3.344E+00   1.457E-10   5.220E+09   3.144E+09   7.504E+08   2.826E+09   3.623E+00   3.504E+00   6.130E+00   1.469E+01
    119           36       0   1.042E+12   6.080E+09   5.610E+01   7.983E-01   1.313E-10   1.877E+09   1.229E+09   4.640E+07   6.943E+08   3.182E+00   2.959E+00   4.839E-01   2.064E+00
    120           37       1   1.025E+12   2.185E+10   2.039E+02   4.082E+00   1.868E-10   7.297E+09   4.686E+09   7.743E+08   3.385E+09   3.234E+00   3.027E+00   5.304E+00   1.191E+01
    121           38       1   9.366E+11   1.066E+10   3.240E+02   1.529E+00   1.435E-10   2.838E+09   2.056E+09   4.055E+08   1.187E+09   1.969E+00   2.021E+00   1.124E+01   2.422E+01
    122           38       0   9.366E+11   1.930E+09   2.522E+01   9.541E-01   4.944E-10   3.174E+09   2.713E+09   1.102E+08   5.706E+08   9.607E-01   1.192E+00   1.706E+00   5.304E+00
    123           39       1   1.025E+12   1.594E+10   1.810E+02   2.466E+00   1.547E-10   7.335E+09   5.656E+09   2.640E+08   1.943E+09   1.845E+00   2.009E+00   1.888E+00   4.369E+00
    124           39       0   1.025E+12   2.139E+09   6.401E+01   9.248E-01   4.323E-10   2.515E+09   2.128E+09   1.182E+08   5.056E+08   1.300E+00   1.621E+00   1.020E+00   4.036E+00
    125           40       1   1.063E+12   1.709E+10   2.406E+02   2.344E+00   1.372E-10   5.103E+09   3.777E+09   3.118E+08   1.638E+09   2.142E+00   2.301E+00   1.976E+00   7.295E+00
    126           41       1   8.018E+11   1.390E+10   2.079E+02   2.647E+00   1.904E-10   8.427E+09   6.696E+09   2.095E+08   1.940E+09   3.307E+00   2.932E+00   6.428E-01   3.185E+00
    127           41       0   8.018E+11   1.215E+09   1.596E+01   2.323E-01   1.913E-10   7.381E+08   5.941E+08   1.063E+07   1.546E+08   2.038E+00   2.209E+00   7.189E-02   9.840E-01
    128           42       1   9.662E+11   1.603E+10   3.039E+02   3.288E+00   2.051E-10   6.640E+09   4.665E+09   5.630E+08   2.538E+09   3.050E+00   2.741E+00   6.095E+00   1.080E+01
    129           42       0   9.662E+11   1.749E+09   6.233E+01   5.459E-01   3.121E-10   1.067E+09   8.127E+08   1.312E+08   3.850E+08   1.184E+00   1.333E+00   1.019E+01   1.786E+01
    130           43       1   7.709E+11   1.124E+10   2.979E+02   1.805E+00   1.605E-10   3.533E+09   2.675E+09   5.451E+08   1.403E+09   2.171E+00   2.263E+00   2.082E+01   3.498E+01
    131           43       0   7.709E+11   2.449E+09   4.845E+01   4.716E-01   1.926E-10   1.353E+09   1.042E+09   4.141E+07   3.525E+08   2.062E+00   2.047E+00   2.150E+00   3.191E+00
    132           43       0   7.709E+11   1.945E+09   3.875E+01   6.540E-01   3.363E-10   1.456E+09   1.085E+09   5.799E+07   4.281E+08   1.697E+00   1.862E+00   1.469E+00   1.710E+00
    133           44       1   8.572E+11   1.897E+10   4.052E+02   3.582E+00   1.888E-10   7.333E+09   5.860E+09   6.890E+08   2.162E+09   2.223E+00   2.163E+00   1.297E+01   9.637E+00
    134           45       1   8.923E+11   1.673E+10   1.400E+02   1.878E+00   1.123E-10   5.932E+09   4.427E+09   1.989E+08   1.704E+09   4.031E+00   3.576E+00   1.901E+00   4.108E+00
    135           46       1   8.133E+11   7.841E+09   1.198E+02   4.271E+00   5.447E-10   8.559E+09   7.230E+09   1.050E+09   2.379E+09   1.071E+00   1.282E+00   4.905E+01   1.973E+01
    136           46       0   8.133E+11   1.122E+09   3.944E+01   3.639E-01   3.242E-10   1.112E+09   9.430E+08   7.005E+07   2.391E+08   1.140E+00   1.340E+00   1.417E+01   1.406E+01
    137           47       1   6.543E+11   1.155E+10   2.573E+02   2.311E+00   2.001E-10   3.209E+09   2.308E+09   7.719E+08   1.673E+09   2.720E+00   2.746E+00   2.915E+01   4.396E+01
    138           47       0   6.543E+11   3.400E+09   2.806E+01   1.107E+00   3.256E-10   3.329E+09   2.682E+09   9.320E+07   7.405E+08   1.834E+00   1.939E+00   1.208E+00   4.658E+00
    139           48       1   8.417E+11   2.244E+10   1.489E+02   3.247E+00   1.447E-10   6.623E+09   3.956E+09   3.390E+08   3.006E+09   3.682E+00   3.297E+00   1.180E+00   4.348E+00
    140           49       1   7.642E+11   1.762E+10   1.703E+02   2.987E+00   1.695E-10   6.477E+09   4.237E+09   3.289E+08   2.569E+09   3.435E+00   3.162E+00   1.323E+00   5.870E+00
    141           50       1   7.189E+11   1.584E+10   2.107E+02   3.031E+00   1.914E-10   2.983E+09   1.957E+09   9.229E+08   1.949E+09   2.360E+00   2.359E+00   1.406E+02   1.224E+02
    142           51       1   6.042E+11   9.983E+09   1.603E+02   2.379E+00   2.383E-10   4.406E+09   2.761E+09   3.360E+08   1.981E+09   2.576E+00   2.418E+00   4.265E+00   7.652E+00
    143           51       0   6.042E+11   2.147E+09   6.118E+01   4.410E-01   2.054E-10   7.528E+08   4.914E+08   9.147E+07   3.529E+08   1.914E+00   1.998E+00   8.955E+00   1.513E+01
    144           52       1   6.275E+11   1.197E+10   2.399E+02   4.279E+00   3.575E-10   2.029E+09   1.514E+09   1.523E+09   2.038E+09   2.239E+00   2.251E+00   2.716E+02   2.369E+02
    145           53       1   7.389E+11   1.142E+10   1.611E+02   1.062E+00   9.297E-11   2.543E+09   1.997E+09   2.604E+08   8.069E+08   1.863E+00   1.924E+00   2.240E+01   2.256E+01
    146           54       1   4.907E+11   8.506E+09   7.360E+01   2.407E+00   2.830E-10   4.525E+09   3.069E+09   3.702E+08   1.825E+09   2.180E+00   2.158E+00   2.649E+00   6.011E+00
    147           54       0   4.907E+11   1.523E+09   7.903E+01   5.588E-01   3.668E-10   6.578E+08   4.855E+08   1.870E+08   3.593E+08   1.256E+00   1.422E+00   3.661E+01   4.037E+01
    148           55       1   7.002E+11   1.243E+10   8.955E+01   1.688E+00   1.359E-10   4.346E+09   2.888E+09   1.356E+08   1.594E+09   3.002E+00   2.918E+00   8.290E-01   4.047E+00
    149           55       0   7.002E+11   1.679E+09   3.583E+01   4.342E-01   2.586E-10   1.239E+09   9.646E+08   4.038E+07   3.148E+08   1.550E+00   1.789E+00   1.300E+00   4.987E+00
    150           56       1   7.621E+11   1.109E+10   3.645E+02   8.150E-01   7.351E-11   2.074E+09   1.451E+09   3.257E+07   6.556E+08   2.599E+00   2.921E+00   8.516E-02   1.427E+00
    151           57       1   6.439E+11   1.298E+10   3.795E+02   5.107E+00   3.934E-10   3.726E+09   2.757E+09   1.937E+09   2.905E+09   1.730E+00   1.790E+00   1.637E+02   1.475E+02
    152           58       1   3.430E+11   5.756E+09   1.172E+02   1.525E+00   2.649E-10   4.933E+09   4.121E+09   1.533E+08   9.653E+08   1.977E+00   2.140E+00   9.855E-01   4.003E+00
    153           58       0   3.430E+11   2.259E+09   4.822E+01   9.666E-01   4.280E-10   1.805E+09   1.366E+09   2.053E+08   6.448E+08   1.244E+00   1.499E+00   1.872E+01   1.552E+01
    154           59       1   5.842E+11   1.079E+10   6.727E+01   1.640E+00   1.520E-10   9.086E+09   7.855E+09   1.124E+08   1.343E+09   2.658E+00   2.554E+00   9.621E-02   1.088E+00
    155           60       1   6.517E+11   9.499E+09   2.566E+02   8.475E-01   8.922E-11   2.147E+09   1.598E+09   1.402E+08   6.894E+08   2.566E+00   2.472E+00   1.003E+01   1.063E+01
    156           61       1   4.760E+11   8.885E+09   1.309E+02   2.905E+00   3.269E-10   4.527E+09   2.979E+09   6.195E+08   2.167E+09   2.397E+00   2.365E+00   2.619E+01   1.792E+01
    157           62       1   6.179E+11   1.610E+10   2.480E+02   1.965E+00   1.221E-10   3.434E+09   1.882E+09   2.455E+08   1.798E+09   3.787E+00   3.431E+00   2.382E+00   6.715E+00
    158           63       1   6.426E+11   7.344E+09   1.746E+02   5.793E-01   7.888E-11   2.811E+09   2.485E+09   3.977E+07   3.655E+08   1.536E+00   2.178E+00   3.149E-02   2.453E-01
    159           63       0   6.426E+11   2.052E+09   9.718E+01   4.977E-01   2.425E-10   5.263E+08   2.710E+08   1.162E+08   3.714E+08   1.828E+00   1.949E+00   6.078E+00   1.291E+01
    160           64       1   3.491E+11   6.382E+09   8.138E+01   1.599E+00   2.505E-10   5.448E+09   4.551E+09   1.669E+08   1.064E+09   2.629E+00   2.373E+00   2.231E+00   2.801E+00
    161           64       0   3.491E+11   4.614E+09   4.931E+01   5.199E-01   1.127E-10   9.054E+08   4.185E+08   4.701E+07   5.339E+08   2.945E+00   2.942E+00   5.420E-01   3.551E+00
    162           65       1   6.004E+11   1.292E+10   2.340E+02   1.188E+00   9.196E-11   2.156E+09   1.520E+09   3.520E+08   9.885E+08   3.241E+00   3.315E+00   8.978E+00   2.165E+01
    163           66       1   4.908E+11   1.063E+10   7.964E+01   3.009E+00   2.832E-10   6.906E+09   4.960E+09   3.842E+08   2.330E+09   2.452E+00   2.358E+00   2.318E+00   6.727E+00
    164           67       1   5.468E+11   1.183E+10   2.590E+02   1.710E+00   1.446E-10   1.875E+09   1.095E+09   4.815E+08   1.262E+09   2.313E+00   2.484E+00   7.421E+01   6.385E+01
    165           68       1   5.180E+11   1.198E+10   1.245E+02   2.093E+00   1.748E-10   5.084E+09   3.624E+09   2.047E+08   1.664E+09   3.265E+00   2.888E+00   1.734E+00   4.485E+00
    166           69       1   4.430E+11   2.109E+09   5.415E+01   3.258E-01   1.545E-10   1.123E+09   8.815E+08   3.612E+07   2.779E+08   2.168E+00   2.365E+00   6.625E-01   3.641E+00
    167           69       0   4.430E+11   3.030E+09   3.282E+01   1.079E+00   3.561E-10   2.322E+09   1.729E+09   1.318E+08   7.251E+08   1.317E+00   1.577E+00   2.344E+00   4.816E+00
    168           69       0   4.430E+11   2.350E+09   6.160E+01   6.311E-01   2.686E-10   8.367E+08   4.379E+08   1.265E+08   5.254E+08   1.744E+00   1.854E+00   4.247E+00   1.194E+01
    169           70       1   4.845E+11   6.498E+09   9.278E+01   1.289E+00   1.983E-10   6.049E+09   5.386E+09   1.396E+08   8.028E+08   2.711E+00   2.391E+00   2.130E+01   1.270E+00
    170           71       1   5.295E+11   5.724E+09   1.613E+02   1.309E+00   2.287E-10   4.042E+09   3.314E+09   2.131E+08   9.409E+08   1.681E+00   1.758E+00   1.009E+01   6.271E+00
    171           72       1   4.371E+11   9.526E+09   2.273E+02   1.644E+00   1.726E-10   3.843E+09   2.761E+09   2.324E+08   1.314E+09   2.865E+00   2.584E+00   4.189E+00   9.207E+00
    172           73       1   4.052E+11   6.910E+09   1.078E+02   2.336E+00   3.381E-10   3.092E+09   1.926E+09   5.916E+08   1.758E+09   1.786E+00   1.860E+00   1.338E+01   2.220E+01
    173           73       0   4.052E+11   1.216E+09   3.874E+01   2.063E-01   1.696E-10   4.398E+08   3.217E+08   2.939E+07   1.476E+08   1.225E+00   1.446E+00   6.511E+00   1.103E+01
    174           74       1   4.852E+11   9.857E+09   1.835E+02   1.803E+00   1.829E-10   2.470E+09   1.322E+09   3.790E+08   1.526E+09   2.757E+00   2.642E+00   6.711E+00   1.216E+01
    175           75       1   4.897E+11   1.072E+10   1.462E+02   1.489E+00   1.388E-10   1.732E+09   9.176E+08   3.993E+08   1.214E+09   3.235E+00   3.184E+00   1.261E+01   2.080E+01
    176           76       1   2.531E+11   4.837E+09   1.260E+02   1.080E+00   2.232E-10   1.429E+09   7.866E+08   2.159E+08   8.581E+08   2.365E+00   2.361E+00   5.710E+00   1.208E+01
    177           76       0   2.531E+11   3.969E+09   7.468E+01   3.717E-01   9.365E-11   2.003E+09   1.758E+09   3.323E+07   2.786E+08   2.604E+00   2.497E+00   5.988E+00   8.118E-01
    178           77       1   4.141E+11   5.233E+09   1.335E+02   1.082E+00   2.068E-10   5.201E+09   4.556E+09   1.130E+08   7.585E+08   2.383E+00   2.294E+00   2.517E+00   3.802E+00
    179           78       1   4.823E+11   1.255E+10   9.043E+01   1.778E+00   1.416E-10   3.432E+09   1.960E+09   2.506E+08   1.723E+09   3.163E+00   3.066E+00   2.569E+00   6.793E+00
    180           79       1   4.492E+11   9.783E+09   1.641E+02   2.342E+00   2.394E-10   4.171E+09   3.147E+09   6.670E+08   1.691E+09   2.263E+00   2.361E+00   1.472E+01   2.738E+01
    181           80       1   4.538E+11   9.730E+09   7.102E+01   1.920E+00   1.974E-10   3.882E+09   2.418E+09   1.634E+08   1.627E+09   2.734E+00   2.503E+00   5.636E-01   3.329E+00
    182           81       1   4.229E+11   8.707E+09   7.258E+01   2.275E+00   2.613E-10   4.599E+09   3.034E+09   2.519E+08   1.817E+09   2.565E+00   2.430E+00   1.653E+00   4.722E+00
    183           82       1   4.782E+11   1.149E+10   3.387E+02   1.402E+00   1.220E-10   1.435E+09   7.820E+08   4.234E+08   1.077E+09   2.719E+00   2.718E+00   1.499E+01   2.756E+01
    184           83       1   3.942E+11   8.766E+09   1.093E+02   3.216E+00   3.669E-10   4.107E+09   2.608E+09   8.671E+08   2.366E+09   2.095E+00   2.128E+00   2.346E+01   3.617E+01
    185           84       1   4.258E+11   7.858E+09   1.871E+02   1.531E+00   1.948E-10   5.196E+09   4.234E+09   1.316E+08   1.093E+09   2.823E+00   2.577E+00   1.033E+00   3.479E+00
    186           85       1   4.335E+11   6.729E+09   1.280E+02   2.169E+00   3.223E-10   3.984E+09   2.800E+09   3.668E+08   1.551E+09   1.977E+00   1.943E+00   1.059E+01   1.107E+01
    187           86       1   4.115E+11   1.077E+10   2.582E+02   9.976E-01   9.264E-11   1.941E+09   1.235E+09   1.617E+08   8.676E+08   3.211E+00   3.081E+00   4.328E+00   1.139E+01
    188           87       1   4.097E+11   8.486E+09   1.954E+02   1.474E+00   1.737E-10   2.968E+09   2.144E+09   2.705E+08   1.095E+09   2.149E+00   2.108E+00   1.198E+01   1.361E+01
    189           88       1   3.220E+11   1.550E+09   2.061E+01   4.737E-01   3.056E-10   2.711E+09   2.472E+09   6.255E+07   3.007E+08   1.483E+00   1.521E+00   7.255E+00   3.515E+00
    190           89       1   4.400E+11   7.625E+09   1.398E+02   1.373E+00   1.801E-10   4.297E+09   3.460E+09   8.952E+07   9.265E+08   3.316E+00   2.876E+00   2.047E-01   1.305E+00
    191           90       1   3.731E+11   6.452E+09   5.955E+01   1.530E+00   2.371E-10   4.581E+09   3.652E+09   1.707E+08   1.100E+09   2.152E+00   2.104E+00   7.943E-01   3.337E+00
    192           91       1   3.002E+11   6.096E+09   1.606E+02   1.162E+00   1.906E-10   2.591E+09   1.932E+09   2.055E+08   8.651E+08   2.703E+00   2.593E+00   2.923E+01   1.001E+01
    193           92       1   3.445E+11   7.938E+09   1.131E+02   1.952E+00   2.460E-10   2.929E+09   1.727E+09   3.420E+08   1.544E+09   2.210E+00   2.154E+00   1.060E+01   1.282E+01
    194           93       1   3.751E+11   5.288E+09   2.136E+02   1.239E+00   2.343E-10   2.229E+09   1.733E+09   2.715E+08   7.674E+08   1.826E+00   1.889E+00   1.810E+01   1.503E+01
    195           94       1   3.000E+11   5.162E+09   1.478E+02   9.670E-01   1.873E-10   2.572E+09   1.965E+09   1.258E+08   7.324E+08   2.243E+00   2.314E+00   4.109E+00   1.077E+01
    196           94       0   3.000E+11   1.629E+09   1.914E+01   3.899E-01   2.393E-10   8.311E+08   5.580E+08   2.832E+07   3.014E+08   1.606E+00   1.837E+00   3.047E-01   2.654E+00
    197           95       1   3.643E+11   6.762E+09   2.834E+02   1.663E+00   2.459E-10   1.563E+09   8.344E+08   5.093E+08   1.238E+09   2.203E+00   2.268E+00   2.614E+01   4.181E+01
    198           96       1   3.572E+11   9.504E+09   1.527E+02   1.343E+00   1.413E-10   4.209E+09   3.154E+09   1.088E+08   1.164E+09   3.028E+00   2.813E+00   1.139E+00   4.469E+00
    199           97       1   2.591E+11   5.987E+09   8.139E+01   1.304E+00   2.177E-10   2.441E+09   1.577E+09   1.792E+08   1.044E+09   2.501E+00   2.334E+00   3.150E+00   7.447E+00
    200           97       0   2.591E+11   1.320E+09   4.890E+01   2.037E-01   1.543E-10   2.944E+08   1.695E+08   4.117E+07   1.661E+08   2.094E+00   2.050E+00   1.219E+01   1.217E+01
    201           98       1   3.196E+11   7.482E+09   1.131E+02   2.154E+00   2.878E-10   3.503E+09   2.234E+09   3.891E+08   1.658E+09   2.240E+00   2.158E+00   6.857E+00   1.113E+01
    202           99       1   3.382E+11   6.114E+09   2.046E+02   6.766E-01   1.107E-10   2.473E+09   2.014E+09   6.489E+07   5.239E+08   3.490E+00   3.317E+00   4.269E+00   3.844E+00
    203          100       1   3.431E+11   6.894E+09   9.976E+01   9.589E-01   1.391E-10   2.077E+09   1.348E+09   9.184E+07   8.208E+08   2.819E+00   2.734E+00   7.618E-01   4.122E+00
    204          101       1   3.598E+11   7.658E+09   1.381E+02   1.312E+00   1.713E-10   2.040E+09   1.083E+09   1.945E+08   1.152E+09   2.465E+00   2.521E+00   3.258E+00   7.634E+00
    205          102       1   3.543E+11   7.443E+09   2.998E+02   1.443E+00   1.939E-10   1.795E+09   1.301E+09   4.367E+08   9.310E+08   1.675E+00   1.766E+00   2.908E+01   2.850E+01
    206          103       1   3.661E+11   5.396E+09   1.719E+02   6.855E-01   1.270E-10   1.639E+09   1.228E+09   1.424E+08   5.543E+08   1.995E+00   2.051E+00   1.774E+01   1.605E+01
    207          103       0   3.661E+11   1.594E+09   7.236E+01   4.334E-01   2.718E-10   4.340E+08   2.650E+08   1.307E+08   2.998E+08   1.588E+00   1.589E+00   7.928E+01   4.761E+01
    208          104       1   3.211E+11   2.273E+09   1.771E+01   1.095E+00   4.818E-10   4.842E+09   4.376E+09   1.073E+08   5.730E+08   1.398E+00   1.519E+00   1.506E+00   2.273E+00
    209          105       1   3.322E+11   5.728E+09   3.459E+01   1.153E+00   2.013E-10   4.080E+09   3.255E+09   7.057E+07   8.953E+08   2.436E+00   2.454E+00   3.388E-01   2.390E+00
    210          106       1   2.346E+11   3.406E+09   4.778E+01   8.846E-01   2.597E-10   2.895E+09   2.365E+09   7.158E+07   6.015E+08   1.986E+00   2.118E+00   5.813E-01   3.534E+00
    211          107       1   3.357E+11   5.490E+09   1.662E+02   8.290E-01   1.510E-10   1.470E+09   1.015E+09   1.715E+08   6.258E+08   2.037E+00   2.021E+00   1.795E+01   1.824E+01
    212          108       1   3.222E+11   8.546E+09   8.849E+01   1.866E+00   2.183E-10   2.992E+09   1.721E+09   3.112E+08   1.582E+09   2.322E+00   2.308E+00   4.223E+00   9.062E+00
    213          110       1   3.260E+11   6.517E+09   1.052E+02   1.294E+00   1.985E-10   3.391E+09   2.583E+09   1.366E+08   9.447E+08   3.126E+00   2.878E+00   6.033E+00   4.054E+00
    214          111       1   3.220E+11   6.784E+09   1.401E+02   8.898E-01   1.311E-10   1.830E+09   1.269E+09   1.593E+08   7.198E+08   2.971E+00   2.905E+00   5.899E+00   1.505E+01
    215          112       1   2.900E+11   4.079E+09   1.431E+02   7.148E-01   1.752E-10   2.676E+09   2.343E+09   1.377E+08   4.713E+08   1.781E+00   1.867E+00   2.736E+01   1.197E+01
    216          113       1   2.823E+11   5.136E+09   2.612E+01   1.063E+00   2.069E-10   5.275E+09   4.555E+09   5.624E+07   7.762E+08   2.243E+00   2.239E+00   2.832E-01   1.617E+00
    217          114       1   2.742E+11   4.122E+09   4.231E+01   1.032E+00   2.503E-10   4.673E+09   4.068E+09   7.052E+07   6.752E+08   2.062E+00   2.181E+00   4.258E-01   2.480E+00
    218          115       1   3.001E+11   6.697E+09   2.487E+02   8.500E-01   1.269E-10   1.619E+09   1.113E+09   1.477E+08   6.536E+08   2.756E+00   2.660E+00   5.928E+00   1.375E+01
    219          116       1   2.895E+11   2.706E+09   9.841E+01   6.458E-01   2.386E-10   1.606E+09   1.324E+09   1.754E+08   4.576E+08   1.592E+00   1.629E+00   4.590E+01   3.944E+01
    220          117       1   2.815E+11   4.366E+09   9.987E+01   1.262E+00   2.891E-10   2.407E+09   1.761E+09   2.730E+08   9.192E+08   1.600E+00   1.780E+00   1.482E+01   1.723E+01
    221          118       1   2.458E+11   3.501E+09   4.325E+01   1.279E+00   3.652E-10   5.106E+09   4.590E+09   1.039E+08   6.200E+08   1.577E+00   1.879E+00   1.480E-01   1.364E+00
    222          119       1   2.797E+11   3.811E+09   1.232E+02   1.268E+00   3.327E-10   3.392E+09   2.907E+09   2.182E+08   7.036E+08   1.416E+00   1.584E+00   1.374E+01   1.085E+01
    223          120       1   2.631E+11   3.664E+09   1.007E+02   1.025E+00   2.797E-10   1.570E+09   1.057E+09   2.578E+08   7.704E+08   1.636E+00   1.687E+00   3.125E+01   2.442E+01
    224          121       1   2.654E+11   2.606E+09   3.575E+01   1.040E+00   3.992E-10   3.473E+09   2.964E+09   9.209E+07   6.013E+08   1.580E+00   1.810E+00   5.282E-01   2.313E+00
    225          122       1   2.171E+11   2.403E+09   1.029E+02   4.260E-01   1.773E-10   2.073E+09   1.835E+09   5.714E+07   2.953E+08   2.033E+00   2.147E+00   1.105E+01   5.645E+00
    226          123       1   2.654E+11   5.963E+09   1.100E+02   6.826E-01   1.145E-10   7.789E+08   3.192E+08   1.550E+08   6.147E+08   2.711E+00   2.738E+00   4.712E+00   1.352E+01
    227          124       1   2.648E+11   4.449E+09   5.241E+01   6.112E-01   1.374E-10   2.704E+09   2.284E+09   3.185E+07   4.527E+08   2.666E+00   2.724E+00   1.895E-01   1.316E+00
    228          125       1   2.300E+11   3.033E+09   3.639E+01   7.873E-01   2.596E-10   3.192E+09   2.779E+09   1.206E+08   5.329E+08   2.010E+00   2.052E+00   1.469E+01   7.390E+00
    229          126       1   2.526E+11   4.936E+09   7.270E+01   7.268E-01   1.473E-10   4.019E+09   3.495E+09   4.393E+07   5.682E+08   3.541E+00   3.070E+00   1.103E+00   1.736E+00
    230          127       1   1.672E+11   1.114E+09   1.578E+01   2.459E-01   2.207E-10   2.652E+09   2.529E+09   1.193E+07   1.349E+08   1.204E+00   1.630E+00   4.179E-02   8.142E-01
    231          128       1   2.506E+11   4.060E+09   9.114E+01   7.893E-01   1.944E-10   1.718E+09   1.209E+09   1.274E+08   6.365E+08   2.498E+00   2.419E+00   7.556E+00   1.072E+01
    232          129       1   2.524E+11   3.234E+09   1.395E+02   7.256E-01   2.244E-10   8.750E+08   5.869E+08   2.061E+08   4.941E+08   1.544E+00   1.562E+00   5.436E+01   3.735E+01
    233          130       1   2.339E+11   3.635E+09   8.355E+01   8.709E-01   2.396E-10   3.298E+09   2.780E+09   9.565E+07   6.137E+08   2.088E+00   2.020E+00   5.553E+00   4.155E+00
    234          131       1   1.730E+11   1.963E+09   6.575E+01   8.513E-01   4.337E-10   1.691E+09   1.323E+09   1.546E+08   5.219E+08   1.113E+00   1.337E+00   7.437E+00   1.307E+01
    235          132       1   2.642E+11   4.729E+09   6.238E+01   8.431E-01   1.783E-10   2.225E+09   1.625E+09   6.574E+07   6.656E+08   2.636E+00   2.452E+00   1.041E+00   3.124E+00
    236          134       1   2.387E+11   2.111E+09   2.378E+01   6.903E-01   3.269E-10   2.999E+09   2.640E+09   7.983E+07   4.387E+08   1.703E+00   1.740E+00   3.733E+00   5.581E+00
    237          135       1   2.436E+11   4.690E+09   1.729E+02   1.028E+00   2.192E-10   1.286E+09   7.522E+08   2.417E+08   7.751E+08   2.110E+00   2.186E+00   9.829E+00   1.774E+01
    238          136       1   1.741E+11   2.308E+09   4.907E+01   3.274E-01   1.419E-10   9.712E+08   7.427E+08   2.608E+07   2.545E+08   2.043E+00   2.211E+00   4.442E-01   3.095E+00
    239          137       1   1.968E+11   2.151E+09   3.978E+01   6.010E-01   2.794E-10   2.063E+09   1.773E+09   8.013E+07   3.701E+08   1.654E+00   1.808E+00   1.772E+01   2.684E+00
    240          138       1   2.139E+11   2.014E+09   4.021E+01   8.003E-01   3.974E-10   3.716E+09   3.407E+09   9.092E+07   4.008E+08   1.371E+00   1.505E+00   7.001E+00   3.066E+00
    241          139       1   2.118E+11   2.260E+09   4.444E+01   3.650E-01   1.615E-10   2.388E+09   2.163E+09   2.110E+07   2.454E+08   2.593E+00   2.402E+00   5.252E-01   1.052E+00
    242          140       1   2.381E+11   4.193E+09   1.627E+02   5.409E-01   1.290E-10   4.877E+08   2.311E+08   1.573E+08   4.139E+08   1.949E+00   2.107E+00   1.203E+01   2.200E+01
    243          141       1   2.048E+11   3.519E+09   8.399E+01   1.098E+00   2.748E-10   1.352E+09   1.007E+09   3.827E+08   7.275E+08   1.787E+00   1.806E+00   4.958E+01   5.577E+01
    244          142       1   2.171E+11   2.706E+09   8.308E+01   8.685E-01   3.209E-10   1.026E+09   7.502E+08   2.854E+08   5.611E+08   1.406E+00   1.442E+00   6.310E+01   6.899E+01
    245          143       1   2.464E+11   2.406E+09   1.008E+02   7.169E-01   2.979E-10   1.293E+09   1.017E+09   1.963E+08   4.728E+08   1.685E+00   1.752E+00   4.674E+01   4.604E+01
    246          144       1   2.089E+11   2.401E+09   8.186E+01   4.879E-01   2.032E-10   1.969E+09   1.661E+09   6.889E+07   3.776E+08   2.281E+00   2.255E+00   8.598E+00   8.826E+00
    247          146       1   1.747E+11   2.153E+09   4.247E+01   5.722E-01   2.657E-10   1.368E+09   9.989E+08   7.866E+07   4.475E+08   1.981E+00   1.969E+00   4.490E+00   8.671E+00
    248          147       1   2.127E+11   4.297E+09   1.472E+02   7.648E-01   1.780E-10   1.454E+09   9.952E+08   1.074E+08   5.658E+08   2.352E+00   2.343E+00   7.019E+00   7.346E+00
    249          149       1   1.428E+11   1.709E+09   4.195E+01   8.791E-01   5.144E-10   2.078E+09   1.700E+09   1.286E+08   5.062E+08   1.328E+00   1.459E+00   4.586E+00   6.935E+00
    250          150       1   1.867E+11   2.144E+09   7.081E+01   9.990E-01   4.660E-10   9.029E+08   6.013E+08   3.233E+08   6.248E+08   1.178E+00   1.400E+00   1.810E+01   2.359E+01
    251          151       1   1.747E+11   3.059E+09   3.438E+01   6.183E-01   2.021E-10   1.736E+09   1.316E+09   3.757E+07   4.577E+08   2.097E+00   2.135E+00   2.226E-01   1.500E+00
    252          152       1   1.616E+11   1.843E+09   2.451E+01   7.968E-01   4.323E-10   2.990E+09   2.643E+09   6.390E+07   4.103E+08   1.431E+00   1.789E+00   1.968E-01   1.441E+00
    253          153       1   1.730E+11   2.105E+09   6.546E+01   4.893E-01   2.324E-10   9.479E+08   6.511E+08   8.506E+07   3.819E+08   1.571E+00   1.702E+00   5.269E+00   1.372E+01
    254          154       1   1.934E+11   3.100E+09   2.442E+01   4.925E-01   1.589E-10   2.268E+09   1.943E+09   1.707E+07   3.425E+08   2.173E+00   2.438E+00   2.773E-02   5.861E-01
    255          155       1   1.729E+11   2.097E+09   3.198E+01   4.606E-01   2.197E-10   3.232E+09   2.984E+09   2.817E+07   2.759E+08   1.899E+00   1.908E+00   4.635E-01   5.384E-01
    256          156       1   1.755E+11   3.405E+09   7.146E+01   6.528E-01   1.917E-10   1.166E+09   7.512E+08   9.749E+07   5.122E+08   1.956E+00   2.095E+00   3.448E+00   7.393E+00
    257          158       1   1.228E+11   1.694E+09   3.923E+01   2.423E-01   1.431E-10   9.313E+08   7.982E+08   1.431E+07   1.474E+08   1.569E+00   1.791E+00   4.830E-01   6.794E-01
    258          159       1   1.751E+11   3.202E+09   4.965E+01   4.562E-01   1.425E-10   1.310E+09   9.770E+08   6.053E+07   3.938E+08   1.856E+00   1.989E+00   1.026E+00   4.341E+00
    259          160       1   1.758E+11   2.152E+09   4.099E+01   3.612E-01   1.678E-10   1.383E+09   1.139E+09   2.845E+07   2.718E+08   1.898E+00   2.010E+00   2.527E+00   2.457E+00
    260          161       1   1.933E+11   3.795E+09   1.281E+02   6.786E-01   1.788E-10   7.443E+08   3.744E+08   1.776E+08   5.475E+08   2.233E+00   2.331E+00   1.307E+01   2.174E+01
    261          162       1   1.801E+11   1.596E+09   4.928E+01   4.877E-01   3.056E-10   1.158E+09   8.882E+08   6.454E+07   3.343E+08   1.740E+00   1.849E+00   3.983E+00   4.349E+00
    262          163       1   1.219E+11   1.951E+09   2.493E+01   4.224E-01   2.165E-10   2.149E+09   1.902E+09   2.134E+07   2.679E+08   1.658E+00   1.903E+00   1.100E-01   9.997E-01
    263          164       1   1.668E+11   2.175E+09   7.000E+01   1.829E-01   8.410E-11   1.375E+09   1.241E+09   1.439E+07   1.490E+08   2.629E+00   2.425E+00   5.607E+00   1.485E+00
    264          165       1   1.863E+11   3.010E+09   1.561E+02   3.419E-01   1.136E-10   6.616E+08   5.275E+08   8.395E+07   2.181E+08   1.527E+00   1.566E+00   3.685E+01   3.882E+01
    265          166       1   1.811E+11   2.071E+09   1.018E+02   3.391E-01   1.637E-10   1.029E+09   8.601E+08   8.601E+07   2.554E+08   1.698E+00   1.930E+00   6.299E+00   1.310E+01
    266          167       1   1.772E+11   2.298E+09   7.010E+01   5.839E-01   2.541E-10   7.782E+08   5.385E+08   1.911E+08   4.308E+08   1.783E+00   1.834E+00   5.539E+01   4.073E+01
    267          168       1   1.624E+11   2.486E+09   3.521E+01   5.395E-01   2.170E-10   2.976E+09   2.702E+09   4.225E+07   3.160E+08   1.963E+00   2.076E+00   2.450E+00   1.002E+00
    268          170       1   1.733E+11   2.597E+09   1.268E+02   4.246E-01   1.635E-10   1.185E+09   9.000E+08   4.165E+07   3.271E+08   2.335E+00   2.335E+00   3.296E+00   4.768E+00
    269          171       1   1.466E+11   1.959E+09   7.437E+01   5.354E-01   2.732E-10   1.813E+09   1.527E+09   8.378E+07   3.696E+08   1.729E+00   1.800E+00   9.252E+00   1.247E+01
    270          172       1   1.494E+11   1.300E+09   6.551E+01   2.995E-01   2.303E-10   8.436E+08   6.906E+08   4.382E+07   1.968E+08   1.151E+00   1.596E+00   8.763E+00   5.578E+00
    271          173       1   1.673E+11   2.852E+09   3.954E+01   5.373E-01   1.884E-10   1.458E+09   1.083E+09   4.822E+07   4.236E+08   2.238E+00   2.205E+00   2.702E+00   3.461E+00
    272          174       1   1.503E+11   2.025E+09   4.856E+01   3.291E-01   1.625E-10   2.275E+09   2.095E+09   1.786E+07   1.974E+08   2.156E+00   2.165E+00   1.846E-01   5.714E-01
    273          177       1   1.433E+11   1.101E+09   2.753E+01   2.516E-01   2.285E-10   1.497E+09   1.371E+09   2.937E+07   1.555E+08   1.147E+00   1.420E+00   1.677E+00   5.791E+00
    274          178       1   1.550E+11   1.915E+09   4.315E+01   6.962E-01   3.636E-10   1.334E+09   9.921E+08   1.403E+08   4.821E+08   1.571E+00   1.599E+00   1.794E+01   1.097E+01
    275          180       1   1.527E+11   1.938E+09   8.670E+01   3.557E-01   1.835E-10   6.827E+08   4.575E+08   4.978E+07   2.750E+08   1.488E+00   1.722E+00   2.179E+00   6.941E+00
    276          181       1   1.542E+11   1.617E+09   3.665E+01   4.190E-01   2.591E-10   1.628E+09   1.403E+09   6.635E+07   2.917E+08   1.511E+00   1.666E+00   7.344E+00   9.418E+00
    277          182       1   1.609E+11   1.591E+09   4.489E+01   3.752E-01   2.358E-10   1.249E+09   1.020E+09   2.421E+07   2.536E+08   1.403E+00   1.883E+00   2.761E-01   2.192E+00
    278          183       1   1.597E+11   3.594E+09   1.240E+02   2.091E-01   5.820E-11   2.534E+08   1.207E+08   4.904E+07   1.818E+08   2.268E+00   2.466E+00   7.644E+00   1.701E+01
    279          184       1   1.545E+11   3.189E+09   7.255E+01   5.302E-01   1.662E-10   1.088E+09   6.738E+08   4.089E+07   4.546E+08   2.383E+00   2.390E+00   8.440E-01   3.729E+00
    280          185       1   1.470E+11   1.806E+09   3.985E+01   5.287E-01   2.927E-10   1.461E+09   1.202E+09   8.784E+07   3.472E+08   1.750E+00   1.763E+00   2.684E+01   6.822E+00
    281          187       1   1.396E+11   1.369E+09   7.727E+01   4.199E-01   3.067E-10   9.889E+08   8.119E+08   6.960E+07   2.466E+08   1.483E+00   1.587E+00   8.482E+00   3.857E+00
    282          188       1   1.559E+11   2.322E+09   1.807E+02   3.859E-01   1.662E-10   3.543E+08   2.022E+08   1.273E+08   2.793E+08   1.804E+00   1.908E+00   2.908E+01   4.619E+01
    283          190       1   1.424E+11   1.756E+09   4.886E+01   3.569E-01   2.033E-10   1.432E+09   1.226E+09   3.335E+07   2.395E+08   1.589E+00   1.733E+00   2.390E+00   3.695E+00
    284          192       1   1.314E+11   1.661E+09   2.952E+01   3.643E-01   2.193E-10   1.281E+09   1.066E+09   3.665E+07   2.509E+08   1.441E+00   1.694E+00   1.661E+00   4.542E+00
    285          193       1   1.319E+11   2.969E+09   4.279E+01   7.831E-01   2.638E-10   2.156E+09   1.692E+09   7.033E+07   5.345E+08   1.958E+00   2.050E+00   7.187E-01   2.717E+00
    286          195       1   1.458E+11   1.704E+09   7.365E+01   5.926E-01   3.478E-10   1.036E+09   7.841E+08   1.464E+08   3.985E+08   1.295E+00   1.447E+00   2.427E+01   2.441E+01
    287          196       1   1.554E+11   2.486E+09   9.492E+01   1.385E-01   5.571E-11   3.433E+08   2.287E+08   9.227E+06   1.239E+08   3.253E+00   3.085E+00   1.268E+00   1.873E+00
    288          198       1   1.404E+11   1.692E+09   6.283E+01   4.883E-01   2.886E-10   1.558E+09   1.293E+09   4.018E+07   3.049E+08   2.058E+00   2.059E+00   1.474E+00   2.791E+00
    289          200       1   1.274E+11   1.622E+09   1.744E+01   4.248E-01   2.619E-10   2.240E+09   2.020E+09   2.373E+07   2.439E+08   1.692E+00   1.894E+00   1.328E-01   1.285E+00
    290          201       1   1.297E+11   1.225E+09   7.712E+01   2.892E-01   2.360E-10   9.922E+08   8.378E+08   3.826E+07   1.927E+08   1.342E+00   1.734E+00   4.142E+00   7.480E+00
    291          202       1   1.290E+11   1.463E+09   6.346E+01   4.577E-01   3.128E-10   9.288E+08   6.728E+08   7.599E+07   3.320E+08   1.550E+00   1.718E+00   3.519E+00   8.206E+00
    292          204       1   1.348E+11   1.348E+09   5.752E+01   6.356E-01   4.714E-10   1.081E+09   8.289E+08   1.337E+08   3.859E+08   1.252E+00   1.418E+00   9.591E+00   1.004E+01
    293          206       1   1.265E+11   1.033E+09   3.467E+01   3.763E-01   3.643E-10   8.359E+08   6.353E+08   4.579E+07   2.464E+08   1.362E+00   1.573E+00   1.878E+00   6.581E+00
    294          207       1   1.118E+11   1.450E+09   2.078E+01   4.935E-01   3.402E-10   2.027E+09   1.793E+09   3.508E+07   2.688E+08   1.199E+00   1.505E+00   5.446E-01   2.248E+00
    295          208       1   1.140E+11   2.422E+09   1.694E+02   6.453E-01   2.665E-10   9.951E+08   7.833E+08   1.854E+08   3.972E+08   1.463E+00   1.573E+00   4.312E+01   3.261E+01
    296          209       1   1.131E+11   1.844E+09   3.019E+01   2.241E-01   1.215E-10   1.659E+09   1.512E+09   1.460E+07   1.614E+08   2.082E+00   2.132E+00   2.529E+00   5.749E-01
    297          210       1   1.205E+11   1.117E+09   4.777E+01   3.070E-01   2.748E-10   8.820E+08   7.251E+08   4.438E+07   2.013E+08   1.679E+00   1.841E+00   4.001E+00   9.349E+00
    298          211       1   1.239E+11   1.937E+09   4.642E+01   2.742E-01   1.415E-10   9.752E+08   8.236E+08   1.597E+07   1.676E+08   1.084E+00   1.769E+00   9.446E-02   8.640E-01
    299          212       1   1.239E+11   1.758E+09   2.136E+01   4.128E-01   2.348E-10   1.603E+09   1.379E+09   4.273E+07   2.663E+08   1.614E+00   1.738E+00   5.081E+00   2.344E+00
    300          215       1   1.272E+11   1.374E+09   6.434E+01   2.156E-01   1.569E-10   4.836E+08   3.607E+08   4.068E+07   1.635E+08   1.485E+00   1.822E+00   3.972E+00   1.122E+01
    301          217       1   1.291E+11   1.766E+09   9.447E+01   2.141E-01   1.212E-10   2.708E+08   1.532E+08   5.162E+07   1.692E+08   1.961E+00   2.031E+00   9.132E+00   2.141E+01
    302          220       1   9.927E+10   1.365E+09   2.930E+01   3.232E-01   2.367E-10   1.035E+09   8.378E+08   2.195E+07   2.189E+08   1.395E+00   1.770E+00   3.573E-01   2.302E+00
    303          222       1   1.182E+11   1.340E+09   1.598E+01   4.450E-01   3.322E-10   1.668E+09   1.472E+09   2.513E+07   2.212E+08   9.127E-01   1.671E+00   6.794E-02   6.653E-01
    304          223       1   1.098E+11   1.352E+09   2.320E+01   3.698E-01   2.735E-10   1.089E+09   8.978E+08   3.794E+07   2.287E+08   1.560E+00   1.774E+00   5.240E+00   3.134E+00
    305          225       1   1.256E+11   2.350E+09   2.741E+01   2.223E-01   9.460E-11   6.001E+08   4.114E+08   1.179E+07   2.005E+08   2.281E+00   2.330E+00   2.977E-01   2.629E+00
    306          227       1   1.134E+11   1.003E+09   2.055E+01   2.705E-01   2.697E-10   6.593E+08   5.151E+08   4.012E+07   1.843E+08   1.149E+00   1.456E+00   8.540E-01   3.138E+00
    307          229       1   1.115E+11   1.717E+09   4.044E+01   3.335E-01   1.942E-10   9.622E+08   7.481E+08   3.297E+07   2.470E+08   1.800E+00   1.918E+00   3.881E+00   6.677E+00
    308          230       1   1.102E+11   1.805E+09   3.907E+01   2.757E-01   1.527E-10   1.426E+09   1.255E+09   1.498E+07   1.857E+08   1.698E+00   1.912E+00   1.906E-01   1.406E+00
    309          232       1   1.106E+11   1.300E+09   1.637E+01   3.483E-01   2.679E-10   1.566E+09   1.395E+09   1.774E+07   1.882E+08   1.227E+00   1.586E+00   9.975E-02   1.161E+00
    310          235       1   1.101E+11   1.264E+09   9.873E+00   1.937E-01   1.533E-10   1.362E+09   1.246E+09   8.948E+06   1.249E+08   1.612E+00   1.839E+00   1.365E-01   9.437E-01
    311          237       1   9.981E+10   1.007E+09   4.192E+01   4.077E-01   4.048E-10   7.215E+08   5.292E+08   8.050E+07   2.728E+08   1.172E+00   1.462E+00   8.027E+00   1.491E+01
    312          241       1   8.987E+10   1.190E+09   3.039E+01   4.724E-01   3.971E-10   1.381E+09   1.206E+09   5.633E+07   2.316E+08   8.390E-01   1.220E+00   2.165E+00   4.748E+00
    313          242       1   1.125E+11   1.336E+09   2.336E+01   2.885E-01   2.160E-10   9.499E+08   7.733E+08   2.074E+07   1.973E+08   1.463E+00   1.756E+00   1.004E+00   2.461E+00
    314          244       1   1.184E+11   1.820E+09   1.250E+02   1.951E-01   1.072E-10   2.987E+08   1.772E+08   3.441E+07   1.559E+08   2.053E+00   2.238E+00   9.888E+00   8.820E+00
    315          245       1   9.923E+10   1.583E+09   2.118E+01   3.854E-01   2.435E-10   9.382E+08   7.000E+08   3.565E+07   2.738E+08   1.323E+00   1.585E+00   7.685E-01   4.209E+00
    316          247       1   1.158E+11   2.042E+09   4.001E+01   2.394E-01   1.172E-10   5.994E+08   4.029E+08   1.060E+07   2.071E+08   2.508E+00   2.670E+00   1.168E-01   1.360E+00
    317          248       1   1.083E+11   1.090E+09   2.954E+01   2.621E-01   2.406E-10   6.850E+08   5.115E+08   2.276E+07   1.962E+08   1.606E+00   1.788E+00   7.610E-01   3.627E+00
    318          250       1   1.014E+11   1.039E+09   2.264E+01   2.241E-01   2.157E-10   8.341E+08   7.016E+08   1.330E+07   1.459E+08   1.521E+00   1.725E+00   4.215E-01   2.344E+00
    319          251       1   9.597E+10   1.613E+09   2.951E+01   5.592E-01   3.467E-10   1.745E+09   1.510E+09   8.232E+07   3.166E+08   1.396E+00   1.580E+00   1.410E+01   4.350E+00
    320          255       1   9.682E+10   1.382E+09   4.235E+01   2.387E-01   1.727E-10   6.240E+08   4.670E+08   2.039E+07   1.774E+08   1.796E+00   2.108E+00   2.154E+00   2.227E+00
    321          260       1   9.105E+10   1.027E+09   4.359E+01   1.404E-01   1.366E-10   3.878E+08   2.945E+08   6.756E+06   1.000E+08   1.621E+00   2.210E+00   6.183E-02   9.506E-01
    322          264       1   1.041E+11   1.426E+09   3.833E+01   3.308E-01   2.320E-10   5.992E+08   3.922E+08   3.802E+07   2.451E+08   1.713E+00   1.851E+00   2.749E+00   3.552E+00
    323          271       1   9.555E+10   1.345E+09   8.889E+01   1.144E-01   8.501E-11   9.852E+07   3.152E+07   3.054E+07   9.753E+07   2.294E+00   2.295E+00   1.843E+01   2.563E+01
    324          272       1   9.499E+10   1.245E+09   8.281E+01   2.993E-01   2.404E-10   3.580E+08   2.877E+08   1.062E+08   1.765E+08   1.359E+00   1.530E+00   4.348E+01   4.452E+01
    325          274       1   9.444E+10   1.216E+09   2.911E+01   1.187E-01   9.760E-11   5.971E+08   5.083E+08   6.046E+06   9.478E+07   2.465E+00   2.487E+00   3.423E-01   8.198E-01
    326          277       1   8.663E+10   1.065E+09   4.576E+01   3.937E-01   3.697E-10   8.955E+08   7.426E+08   7.298E+07   2.259E+08   1.110E+00   1.274E+00   1.012E+01   8.141E+00
    327          280       1   9.064E+10   1.409E+09   8.505E+01   2.347E-01   1.666E-10   3.262E+08   2.102E+08   6.346E+07   1.795E+08   1.672E+00   1.860E+00   1.444E+01   2.253E+01
    328          287       1   9.167E+10   1.109E+09   5.726E+01   8.272E-02   7.458E-11   1.629E+08   1.119E+08   1.391E+07   6.487E+07   1.397E+00   1.636E+00   2.525E+00   8.051E+00
    329          294       1   8.422E+10   1.429E+09   3.272E+01   3.228E-01   2.259E-10   4.655E+08   2.857E+08   6.467E+07   2.445E+08   1.580E+00   1.654E+00   1.450E+01   1.127E+01
    330          300       1   8.125E+10   1.582E+09   3.694E+01   2.385E-01   1.507E-10   5.629E+08   3.872E+08   1.413E+07   1.898E+08   1.733E+00   2.120E+00   2.952E-01   3.068E+00
    331          303       1   8.060E+10   1.311E+09   4.671E+01   4.170E-01   3.181E-10   9.710E+08   7.577E+08   4.871E+07   2.620E+08   1.412E+00   1.651E+00   5.020E-01   3.661E+00
    332          307       1   8.512E+10   1.204E+09   4.785E+01   2.300E-01   1.910E-10   4.096E+08   3.023E+08   4.564E+07   1.529E+08   1.731E+00   1.684E+00   4.068E+01   1.534E+01
    333          461       1   5.169E+10   1.085E+09   5.100E+01   1.865E-01   1.718E-10   2.361E+08   1.332E+08   4.247E+07   1.453E+08   1.485E+00   1.687E+00   4.460E+00   1.320E+01
