# Eagle run L0025N0752/REFERENCE snapshot_015_z002p012
# number of galaxies = 160
# SubIndex; GroupNumber; IsCentral; M200 of host [Msun]; M*,30pkpc [Msun]; Sigma_*,r1/2 [Msun ppc^-2]; SFR [Msun yr^-1]; sSFR [yr^-1];
    M_HI_BR06 [Msun]; M_HI_GK11 [Msun]; M_H2_BR06 [Msun]; M_H2_GK11 [Msun]; MMW ZH2_BR06_rhalf [Zsun]; MMW ZH2_GK11_rhalf [Zsun]; SigmaH2_BR06,r1/2 [Msun ppc^-2]; SigmaH2_GK11,r1/2 [Msun ppc^-2]
      0            0       1   2.738E+12   2.225E+10   3.018E+02   1.024E+01   4.603E-10   1.517E+10   1.281E+10   3.242E+09   5.605E+09   9.616E-01   1.227E+00   6.454E+00   8.302E+00
      1            0       0   2.738E+12   1.179E+10   8.339E+02   1.746E+01   1.482E-09   6.878E+09   5.960E+09   4.360E+09   5.278E+09   1.461E+00   1.391E+00   1.407E+03   1.048E+03
      2            0       0   2.738E+12   1.577E+09   4.441E+01   8.117E-01   5.148E-10   7.240E+08   4.703E+08   1.945E+08   4.482E+08   1.041E+00   1.098E+00   3.334E+01   3.641E+01
      3            0       0   2.738E+12   3.032E+09   1.257E+03   4.267E+00   1.407E-09   9.475E+08   4.300E+08   1.861E+09   2.379E+09   1.245E+00   1.343E+00   2.497E+01   3.160E+01
      4            1       1   1.932E+12   2.101E+10   1.081E+03   9.226E+00   4.392E-10   1.372E+10   1.247E+10   2.929E+09   4.185E+09   1.202E+00   1.291E+00   1.007E+02   7.040E+01
      5            1       0   1.932E+12   1.544E+09   4.770E+01   1.092E+00   7.071E-10   1.391E+09   1.054E+09   1.412E+08   4.788E+08   9.416E-01   1.141E+00   1.552E+00   4.542E+00
      6            2       1   1.782E+12   1.791E+10   1.306E+03   1.001E+01   5.650E-10   1.260E+10   1.278E+10   3.510E+09   3.336E+09   8.348E-01   9.686E-01   9.104E+01   9.548E+01
      7            2       0   1.782E+12   1.984E+09   3.962E+01   3.509E+00   1.769E-09   4.405E+09   4.107E+09   7.844E+08   1.083E+09   4.935E-01   7.157E-01   9.910E+00   1.060E+01
      8            3       1   3.793E+11   4.085E+09   1.376E+02   2.452E+00   6.002E-10   4.615E+09   4.046E+09   5.508E+08   1.119E+09   8.411E-01   1.045E+00   9.876E+00   1.559E+01
      9            3       0   3.793E+11   8.320E+09   4.770E+02   3.944E+00   4.740E-10   3.006E+09   2.697E+09   1.263E+09   1.571E+09   8.075E-01   9.299E-01   3.865E+01   3.956E+01
     10            3       0   3.793E+11   6.575E+09   3.843E+02   4.851E+00   7.377E-10   3.840E+09   3.468E+09   1.525E+09   1.897E+09   1.073E+00   1.084E+00   5.962E+02   5.323E+02
     11            3       0   3.793E+11   1.627E+09   4.697E+01   2.331E+00   1.433E-09   2.675E+09   2.414E+09   6.353E+08   8.958E+08   6.344E-01   7.758E-01   2.322E+01   2.578E+01
     12            4       1   7.264E+11   1.125E+10   3.433E+02   8.687E+00   7.724E-10   1.014E+10   8.603E+09   2.801E+09   4.335E+09   1.394E+00   1.441E+00   6.271E+01   6.827E+01
     13            4       0   7.264E+11   4.134E+09   1.184E+02   4.359E+00   1.055E-09   5.814E+09   5.048E+09   9.964E+08   1.763E+09   9.915E-01   1.197E+00   8.459E+00   1.654E+01
     14            4       0   7.264E+11   3.539E+09   2.257E+02   2.735E+00   7.729E-10   2.948E+09   2.555E+09   7.969E+08   1.190E+09   1.072E+00   1.182E+00   2.334E+01   3.050E+01
     15            5       1   1.563E+12   1.238E+10   1.790E+02   1.765E+01   1.324E-09   2.141E+10   1.905E+10   5.702E+09   8.068E+09   9.294E-01   1.009E+00   3.539E+01   2.686E+01
     16            5       0   1.563E+12   1.494E+09   1.228E+02   1.879E+00   1.258E-09   1.138E+09   7.463E+08   6.346E+08   1.026E+09   7.601E-01   9.576E-01   1.737E+01   2.363E+01
     17            6       1   1.466E+12   1.171E+10   1.971E+02   1.341E+01   1.146E-09   1.790E+10   1.630E+10   3.965E+09   5.566E+09   9.552E-01   1.099E+00   3.044E+01   4.125E+01
     18            6       0   1.466E+12   5.109E+09   2.059E+02   3.246E+00   6.353E-10   4.441E+09   3.529E+09   6.608E+08   1.573E+09   1.124E+00   1.234E+00   9.257E+00   1.616E+01
     19            7       1   1.582E+12   1.759E+10   1.083E+04   8.594E+00   4.895E-10   1.363E+10   1.298E+10   2.617E+09   3.267E+09   7.800E-01   9.028E-01   2.185E+01   2.266E+01
     20            8       1   1.232E+12   1.497E+10   4.875E+02   7.939E+00   5.305E-10   1.181E+10   1.090E+10   2.756E+09   3.665E+09   8.926E-01   1.048E+00   3.721E+01   4.113E+01
     21            9       1   1.244E+12   1.509E+10   1.577E+03   7.316E+00   4.847E-10   7.753E+09   6.959E+09   2.389E+09   3.183E+09   1.847E+00   1.866E+00   1.475E+02   1.294E+02
     22            9       0   1.244E+12   9.254E+09   2.394E+02   5.981E+00   6.463E-10   4.457E+09   3.498E+09   2.137E+09   3.095E+09   1.085E+00   1.212E+00   3.817E+01   5.030E+01
     23           10       1   1.369E+12   1.204E+10   7.348E+02   5.233E+00   4.354E-10   1.040E+10   9.112E+09   1.390E+09   2.678E+09   1.412E+00   1.630E+00   1.603E+01   1.451E+01
     24           10       0   1.369E+12   7.376E+09   1.868E+02   5.360E+00   7.267E-10   2.352E+09   1.430E+09   1.884E+09   2.806E+09   1.336E+00   1.386E+00   1.055E+02   1.105E+02
     25           11       1   1.158E+12   1.296E+10   3.017E+02   3.753E+00   2.896E-10   8.371E+09   8.437E+09   1.033E+09   9.670E+08   3.737E-01   8.354E-01   2.268E+00   2.166E+00
     26           12       1   1.166E+12   1.703E+10   4.531E+02   9.538E+00   5.601E-10   1.346E+10   1.161E+10   2.587E+09   4.431E+09   1.089E+00   1.199E+00   4.406E+01   2.932E+01
     27           13       1   6.659E+11   8.966E+09   2.113E+02   5.578E+00   5.859E-10   4.971E+09   4.241E+09   1.816E+09   2.546E+09   1.297E+00   1.335E+00   9.703E+01   1.012E+02
     28           13       0   6.659E+11   2.290E+09   6.554E+01   2.480E+00   1.083E-09   4.170E+09   3.658E+09   4.327E+08   9.451E+08   9.275E-01   1.156E+00   4.614E+00   1.002E+01
     29           14       1   7.650E+11   2.974E+09   1.926E+01   6.228E+00   2.094E-09   1.139E+10   1.115E+10   1.565E+09   1.805E+09   4.373E-01   6.872E-01   7.207E+00   8.507E+00
     30           14       0   7.650E+11   2.438E+09   6.977E+01   2.036E+00   8.352E-10   2.038E+09   1.798E+09   6.139E+08   8.532E+08   6.409E-01   8.315E-01   1.934E+01   2.402E+01
     31           14       0   7.650E+11   1.201E+09   2.671E+01   1.623E+00   1.352E-09   2.231E+09   2.017E+09   3.204E+08   5.338E+08   5.102E-01   7.739E-01   5.439E+00   7.607E+00
     32           15       1   1.022E+12   8.340E+09   4.115E+02   6.694E+00   8.026E-10   1.205E+10   1.125E+10   1.826E+09   2.628E+09   1.261E+00   1.348E+00   9.254E+01   4.990E+01
     33           15       0   1.022E+12   1.676E+09   1.767E+02   2.833E+00   1.690E-09   9.548E+08   7.001E+08   8.713E+08   1.126E+09   8.801E-01   8.815E-01   7.195E+02   3.713E+02
     34           16       1   8.584E+11   1.352E+10   8.365E+02   7.015E+00   5.190E-10   9.703E+09   8.344E+09   1.792E+09   3.150E+09   1.196E+00   1.297E+00   2.671E+01   3.204E+01
     35           17       1   6.415E+11   3.717E+09   5.711E+01   3.607E+00   9.705E-10   6.078E+09   5.395E+09   8.525E+08   1.535E+09   7.411E-01   8.855E-01   1.416E+01   2.212E+01
     36           17       0   6.415E+11   1.880E+09   5.470E+01   1.687E+00   8.973E-10   2.789E+09   2.412E+09   3.129E+08   6.898E+08   7.972E-01   1.050E+00   3.326E+00   7.417E+00
     37           17       0   6.415E+11   2.236E+09   1.899E+02   1.332E+00   5.955E-10   1.386E+09   1.045E+09   3.569E+08   6.977E+08   1.153E+00   1.199E+00   9.563E+01   7.446E+01
     38           18       1   8.461E+11   1.163E+10   3.090E+02   9.291E+00   7.988E-10   1.254E+10   1.111E+10   2.862E+09   4.291E+09   1.347E+00   1.418E+00   3.541E+01   4.408E+01
     39           19       1   8.781E+11   8.658E+09   2.365E+02   5.084E+00   5.872E-10   9.531E+09   8.909E+09   1.408E+09   2.031E+09   8.277E-01   9.838E-01   3.130E+01   3.728E+01
     40           20       1   5.434E+11   5.495E+09   3.638E+03   2.433E+01   4.427E-09   4.371E+09   4.468E+09   4.363E+09   4.266E+09   1.464E+00   1.478E+00   1.078E+04   1.092E+04
     41           21       1   6.714E+11   5.887E+09   3.286E+02   7.568E+00   1.286E-09   6.888E+09   6.203E+09   1.968E+09   2.652E+09   1.131E+00   1.129E+00   1.147E+03   4.244E+02
     42           21       0   6.714E+11   1.769E+09   6.897E+01   2.291E+00   1.295E-09   2.301E+09   1.971E+09   6.208E+08   9.509E+08   8.152E-01   1.040E+00   1.365E+01   1.876E+01
     43           22       1   6.281E+11   4.122E+09   1.873E+02   2.998E+00   7.274E-10   8.197E+09   7.761E+09   7.351E+08   1.172E+09   9.011E-01   1.049E+00   3.291E+01   3.308E+01
     44           22       0   6.281E+11   1.218E+09   1.252E+01   2.346E+00   1.925E-09   2.264E+09   1.993E+09   5.910E+08   8.613E+08   5.507E-01   7.850E-01   7.900E+00   1.132E+01
     45           23       1   5.542E+11   2.463E+09   5.939E+01   3.142E+00   1.276E-09   7.893E+09   7.644E+09   6.836E+08   9.327E+08   4.991E-01   8.657E-01   4.817E+00   6.775E+00
     46           23       0   5.542E+11   1.250E+09   4.742E+01   1.478E+00   1.182E-09   1.591E+09   1.356E+09   3.625E+08   5.970E+08   6.800E-01   8.424E-01   2.082E+01   2.089E+01
     47           24       1   5.814E+11   6.223E+09   1.160E+02   5.896E+00   9.473E-10   8.367E+09   7.378E+09   1.491E+09   2.480E+09   8.796E-01   1.103E+00   1.374E+01   1.803E+01
     48           25       1   5.063E+11   4.429E+09   1.761E+02   7.935E+00   1.792E-09   7.231E+09   6.837E+09   2.300E+09   2.694E+09   7.521E-01   8.323E-01   1.414E+02   6.170E+01
     49           26       1   5.395E+11   6.725E+09   1.730E+02   5.624E+00   8.363E-10   7.720E+09   6.774E+09   1.363E+09   2.308E+09   8.657E-01   1.043E+00   1.998E+01   2.857E+01
     50           27       1   3.083E+11   1.290E+09   2.310E+01   1.572E+00   1.219E-09   3.188E+09   2.962E+09   2.881E+08   5.143E+08   6.409E-01   8.023E-01   5.429E+00   9.165E+00
     51           27       0   3.083E+11   1.165E+09   9.580E+01   1.395E+00   1.197E-09   1.089E+09   9.683E+08   5.118E+08   6.325E+08   7.227E-01   8.359E-01   7.401E+01   6.120E+01
     52           28       1   5.783E+11   1.100E+10   2.619E+02   4.996E+00   4.542E-10   3.927E+09   3.271E+09   1.694E+09   2.350E+09   1.264E+00   1.343E+00   7.129E+01   8.347E+01
     53           29       1   5.506E+11   6.149E+09   1.938E+02   5.322E+00   8.655E-10   5.400E+09   4.844E+09   1.715E+09   2.271E+09   8.636E-01   9.786E-01   5.424E+01   5.615E+01
     54           30       1   4.828E+11   5.235E+09   5.726E+01   4.698E+00   8.974E-10   6.130E+09   4.966E+09   9.936E+08   2.157E+09   8.598E-01   1.071E+00   7.438E+00   9.913E+00
     55           31       1   5.031E+11   2.619E+09   5.958E+01   5.517E+00   2.107E-09   8.939E+09   8.871E+09   1.518E+09   1.587E+09   4.731E-01   6.289E-01   3.143E+01   3.304E+01
     56           32       1   5.058E+11   3.128E+09   1.378E+02   2.076E+00   6.638E-10   4.711E+09   4.284E+09   4.329E+08   8.597E+08   8.231E-01   1.045E+00   1.122E+01   1.773E+01
     57           32       0   5.058E+11   1.114E+09   8.055E+01   1.951E+00   1.751E-09   1.157E+09   9.243E+08   6.225E+08   8.552E+08   7.820E-01   8.243E-01   1.412E+02   1.072E+02
     58           33       1   3.716E+11   5.343E+09   1.955E+02   3.932E+00   7.359E-10   4.629E+09   3.996E+09   1.000E+09   1.633E+09   1.456E+00   1.462E+00   1.713E+02   7.671E+01
     59           34       1   5.289E+11   7.927E+09   4.496E+03   3.241E+00   4.088E-10   3.648E+09   3.165E+09   1.056E+09   1.538E+09   1.101E+00   1.240E+00   2.345E+01   3.218E+01
     60           35       1   4.562E+11   7.821E+09   2.462E+02   4.590E+00   5.868E-10   4.119E+09   3.267E+09   1.423E+09   2.274E+09   1.235E+00   1.324E+00   5.623E+01   5.035E+01
     61           36       1   2.484E+11   3.651E+09   1.282E+02   2.600E+00   7.122E-10   2.905E+09   2.328E+09   6.616E+08   1.238E+09   1.032E+00   1.162E+00   1.542E+01   2.468E+01
     62           37       1   4.573E+11   5.183E+09   4.524E+02   7.724E+00   1.490E-09   6.780E+09   6.177E+09   2.193E+09   2.796E+09   1.057E+00   1.069E+00   4.220E+02   2.788E+02
     63           38       1   5.000E+11   3.652E+09   1.509E+01   7.739E+00   2.119E-09   7.965E+09   7.579E+09   2.184E+09   2.569E+09   4.887E-01   6.492E-01   1.567E+01   1.559E+01
     64           39       1   4.874E+11   4.232E+09   9.199E+01   7.563E+00   1.787E-09   6.445E+09   5.946E+09   2.749E+09   3.248E+09   7.327E-01   8.643E-01   6.632E+01   6.836E+01
     65           39       0   4.874E+11   1.197E+09   7.182E+01   1.089E+00   9.097E-10   4.184E+08   2.606E+08   4.270E+08   5.848E+08   9.361E-01   1.014E+00   3.953E+01   4.672E+01
     66           40       1   4.651E+11   5.090E+09   1.367E+02   3.382E+00   6.645E-10   5.778E+09   4.991E+09   6.415E+08   1.429E+09   1.103E+00   1.267E+00   7.439E+00   1.299E+01
     67           41       1   3.505E+11   4.678E+09   1.207E+02   3.489E+00   7.458E-10   4.988E+09   4.370E+09   8.772E+08   1.496E+09   9.045E-01   1.118E+00   7.686E+00   1.267E+01
     68           42       1   3.113E+11   4.701E+09   1.593E+02   3.541E+00   7.532E-10   5.374E+09   4.553E+09   7.697E+08   1.591E+09   1.331E+00   1.467E+00   1.502E+01   2.272E+01
     69           43       1   4.109E+11   5.686E+09   1.293E+03   4.830E+00   8.494E-10   4.458E+09   3.733E+09   1.428E+09   2.153E+09   1.357E+00   1.411E+00   1.039E+02   6.786E+01
     70           44       1   3.298E+11   3.423E+09   1.293E+02   3.574E+00   1.044E-09   5.089E+09   4.691E+09   9.121E+08   1.309E+09   8.205E-01   9.655E-01   4.055E+01   3.712E+01
     71           45       1   4.131E+11   2.296E+09   8.379E+01   3.247E+00   1.414E-09   5.057E+09   4.711E+09   8.615E+08   1.207E+09   6.390E-01   7.750E-01   3.476E+01   3.127E+01
     72           46       1   3.760E+11   5.322E+09   1.566E+02   4.303E+00   8.086E-10   4.507E+09   3.860E+09   1.244E+09   1.891E+09   9.137E-01   1.052E+00   2.262E+01   2.774E+01
     73           47       1   3.569E+11   2.554E+09   4.089E+01   4.201E+00   1.645E-09   4.556E+09   4.246E+09   1.350E+09   1.660E+09   5.756E-01   7.164E-01   6.322E+01   5.304E+01
     74           48       1   4.271E+11   6.459E+09   5.324E+02   5.299E+00   8.205E-10   3.382E+09   2.922E+09   1.821E+09   2.281E+09   1.035E+00   1.086E+00   1.561E+02   1.399E+02
     75           49       1   3.794E+11   6.109E+09   2.529E+02   2.521E+00   4.128E-10   2.512E+09   1.869E+09   7.306E+08   1.374E+09   1.368E+00   1.433E+00   4.370E+01   4.798E+01
     76           50       1   3.227E+11   3.084E+09   6.633E+01   3.244E+00   1.052E-09   3.553E+09   3.059E+09   9.364E+08   1.431E+09   7.378E-01   8.793E-01   5.806E+01   4.204E+01
     77           51       1   4.145E+11   4.322E+09   1.325E+02   2.920E+00   6.757E-10   4.160E+09   3.451E+09   7.083E+08   1.418E+09   1.316E+00   1.307E+00   5.243E+01   3.437E+01
     78           53       1   4.155E+11   2.823E+09   1.091E+02   1.646E+00   5.830E-10   3.181E+09   2.762E+09   3.877E+08   8.076E+08   1.071E+00   1.153E+00   3.845E+01   4.165E+01
     79           53       0   4.155E+11   1.474E+09   1.084E+02   7.216E-01   4.897E-10   6.707E+08   4.402E+08   1.634E+08   3.939E+08   8.765E-01   1.067E+00   1.270E+01   1.985E+01
     80           54       1   3.652E+11   4.697E+09   6.870E+01   4.708E+00   1.002E-09   4.423E+09   3.596E+09   1.392E+09   2.219E+09   8.404E-01   9.578E-01   3.083E+01   3.855E+01
     81           55       1   3.313E+11   6.278E+09   5.114E+02   3.440E+00   5.479E-10   2.273E+09   1.964E+09   1.211E+09   1.519E+09   1.153E+00   1.255E+00   9.052E+01   1.008E+02
     82           56       1   3.181E+11   4.311E+09   1.612E+02   4.282E+00   9.933E-10   4.142E+09   3.328E+09   1.232E+09   2.046E+09   1.001E+00   1.110E+00   2.119E+01   2.345E+01
     83           57       1   3.731E+11   3.726E+09   2.151E+02   2.761E+00   7.411E-10   3.570E+09   3.196E+09   6.803E+08   1.054E+09   9.950E-01   1.111E+00   8.546E+01   5.065E+01
     84           58       1   3.226E+11   3.971E+09   1.793E+02   2.525E+00   6.358E-10   3.313E+09   2.764E+09   6.998E+08   1.249E+09   1.056E+00   1.141E+00   5.347E+01   6.032E+01
     85           59       1   3.440E+11   4.151E+09   1.878E+02   4.326E+00   1.042E-09   3.059E+09   2.604E+09   1.449E+09   1.904E+09   8.253E-01   8.998E-01   1.584E+02   1.192E+02
     86           60       1   3.362E+11   4.934E+09   4.238E+02   3.693E+00   7.485E-10   2.303E+09   1.928E+09   1.176E+09   1.550E+09   1.175E+00   1.183E+00   3.347E+02   2.181E+02
     87           61       1   1.800E+11   1.195E+09   3.384E+01   9.484E-01   7.937E-10   1.494E+09   1.359E+09   1.625E+08   2.968E+08   6.378E-01   8.025E-01   5.649E+00   8.369E+00
     88           62       1   2.966E+11   2.279E+09   1.173E+02   2.035E+00   8.931E-10   2.981E+09   2.692E+09   5.203E+08   8.091E+08   8.538E-01   9.256E-01   5.960E+01   4.587E+01
     89           63       1   3.019E+11   3.754E+09   2.676E+02   3.380E+00   9.005E-10   2.441E+09   2.051E+09   1.120E+09   1.510E+09   8.297E-01   1.025E+00   8.630E+01   5.664E+01
     90           64       1   2.984E+11   3.236E+09   4.519E+01   3.817E+00   1.180E-09   4.459E+09   3.724E+09   9.028E+08   1.638E+09   9.454E-01   1.049E+00   1.152E+01   1.728E+01
     91           65       1   2.550E+11   1.415E+09   4.517E+01   2.011E+00   1.422E-09   4.644E+09   4.451E+09   3.648E+08   5.580E+08   6.298E-01   8.016E-01   6.008E+00   1.118E+01
     92           66       1   3.164E+11   2.216E+09   5.867E+01   1.290E+00   5.823E-10   2.307E+09   1.891E+09   3.188E+08   7.347E+08   8.987E-01   1.087E+00   8.210E+00   1.522E+01
     93           67       1   2.419E+11   1.513E+09   4.808E+01   2.162E+00   1.429E-09   3.502E+09   3.354E+09   5.636E+08   7.117E+08   5.579E-01   7.016E-01   2.282E+01   2.380E+01
     94           68       1   2.509E+11   1.727E+09   1.017E+02   1.974E+00   1.143E-09   3.080E+09   2.853E+09   4.689E+08   6.960E+08   5.901E-01   8.360E-01   7.817E+00   9.976E+00
     95           69       1   2.763E+11   2.750E+09   1.085E+02   2.850E+00   1.037E-09   2.674E+09   2.350E+09   9.130E+08   1.237E+09   7.533E-01   8.931E-01   3.472E+01   3.533E+01
     96           70       1   1.488E+11   1.182E+09   3.304E+01   1.491E+00   1.261E-09   2.368E+09   2.273E+09   3.359E+08   4.315E+08   5.548E-01   7.937E-01   7.103E+00   1.055E+01
     97           71       1   2.729E+11   4.057E+09   1.962E+02   2.635E+00   6.496E-10   2.663E+09   2.086E+09   7.254E+08   1.302E+09   1.219E+00   1.342E+00   2.736E+01   3.362E+01
     98           72       1   2.853E+11   2.863E+09   1.094E+02   2.737E+00   9.559E-10   3.297E+09   2.818E+09   7.946E+08   1.274E+09   8.236E-01   1.010E+00   1.891E+01   2.233E+01
     99           73       1   2.318E+11   1.079E+09   1.978E+01   1.128E+00   1.045E-09   2.605E+09   2.496E+09   2.160E+08   3.252E+08   4.737E-01   6.827E-01   6.630E+00   7.668E+00
    100           74       1   2.289E+11   1.412E+09   2.595E+01   9.114E-01   6.456E-10   1.785E+09   1.646E+09   1.528E+08   2.922E+08   6.782E-01   8.558E-01   1.388E+01   1.318E+01
    101           75       1   2.497E+11   1.461E+09   3.785E+01   1.862E+00   1.274E-09   3.791E+09   3.636E+09   3.722E+08   5.271E+08   5.086E-01   6.983E-01   8.489E+00   1.198E+01
    102           76       1   2.665E+11   3.604E+09   1.864E+02   2.624E+00   7.281E-10   3.102E+09   2.484E+09   6.700E+08   1.288E+09   1.196E+00   1.300E+00   1.252E+01   2.262E+01
    103           77       1   2.240E+11   2.452E+09   1.480E+02   2.086E+00   8.508E-10   2.795E+09   2.368E+09   5.114E+08   9.383E+08   9.513E-01   1.063E+00   1.813E+01   2.494E+01
    104           78       1   2.573E+11   2.470E+09   2.804E+01   2.896E+00   1.173E-09   4.387E+09   4.039E+09   5.353E+08   8.835E+08   4.912E-01   7.951E-01   1.435E+00   2.647E+00
    105           79       1   2.720E+11   4.389E+09   2.693E+02   2.668E+00   6.080E-10   2.979E+09   2.204E+09   6.646E+08   1.440E+09   1.780E+00   1.778E+00   1.571E+01   2.740E+01
    106           80       1   1.780E+11   1.407E+09   4.502E+01   1.215E+00   8.636E-10   2.094E+09   1.815E+09   2.367E+08   5.153E+08   8.358E-01   9.968E-01   6.945E+00   1.311E+01
    107           81       1   2.508E+11   2.208E+09   7.150E+01   1.339E+00   6.062E-10   2.474E+09   2.131E+09   1.928E+08   5.359E+08   8.047E-01   1.088E+00   2.123E+00   5.183E+00
    108           82       1   2.672E+11   1.828E+09   5.329E+01   1.917E+00   1.049E-09   3.420E+09   3.238E+09   3.380E+08   5.192E+08   4.339E-01   7.312E-01   5.160E+00   6.802E+00
    109           83       1   2.520E+11   1.196E+09   2.229E+01   1.530E+00   1.280E-09   3.696E+09   3.521E+09   2.526E+08   4.270E+08   5.853E-01   8.479E-01   3.579E+00   7.922E+00
    110           84       1   2.265E+11   2.647E+09   1.236E+02   2.353E+00   8.891E-10   2.084E+09   1.741E+09   6.858E+08   1.028E+09   9.097E-01   9.987E-01   7.423E+01   6.074E+01
    111           85       1   2.562E+11   3.940E+09   3.062E+02   2.654E+00   6.736E-10   1.882E+09   1.401E+09   8.498E+08   1.331E+09   1.098E+00   1.162E+00   9.262E+01   5.773E+01
    112           86       1   2.322E+11   1.895E+09   5.534E+01   2.281E+00   1.204E-09   3.689E+09   3.339E+09   4.369E+08   7.873E+08   6.756E-01   9.066E-01   6.817E+00   1.116E+01
    113           87       1   2.490E+11   2.301E+09   2.383E+01   2.401E+00   1.044E-09   4.556E+09   4.266E+09   3.080E+08   5.980E+08   5.339E-01   8.166E-01   7.101E-01   1.134E+00
    114           88       1   2.495E+11   2.756E+09   1.682E+02   2.179E+00   7.908E-10   2.738E+09   2.419E+09   5.986E+08   9.172E+08   8.190E-01   1.011E+00   1.877E+01   2.044E+01
    115           89       1   2.202E+11   3.025E+09   1.055E+02   2.070E+00   6.842E-10   1.883E+09   1.427E+09   6.001E+08   1.056E+09   9.539E-01   1.053E+00   5.679E+01   4.984E+01
    116           90       1   2.307E+11   2.279E+09   9.378E+01   2.639E+00   1.158E-09   2.291E+09   1.990E+09   8.440E+08   1.145E+09   6.588E-01   8.035E-01   4.330E+01   3.651E+01
    117           91       1   2.384E+11   1.584E+09   5.476E+01   1.596E+00   1.008E-09   2.510E+09   2.272E+09   3.650E+08   6.024E+08   6.216E-01   8.053E-01   1.186E+01   1.680E+01
    118           92       1   1.628E+11   1.142E+09   5.578E+01   6.053E-01   5.300E-10   9.697E+08   8.344E+08   9.812E+07   2.334E+08   6.959E-01   9.106E-01   5.794E+00   8.554E+00
    119           93       1   1.791E+11   1.507E+09   4.611E+01   2.247E+00   1.491E-09   2.940E+09   2.770E+09   5.825E+08   7.524E+08   6.309E-01   7.383E-01   2.392E+01   2.828E+01
    120           94       1   1.825E+11   2.025E+09   5.436E+01   1.965E+00   9.703E-10   2.718E+09   2.361E+09   4.544E+08   8.113E+08   6.964E-01   8.829E-01   5.038E+00   8.203E+00
    121           99       1   2.187E+11   1.090E+09   1.419E+01   1.071E+00   9.819E-10   2.243E+09   2.129E+09   1.532E+08   2.669E+08   4.383E-01   7.104E-01   1.211E+00   2.066E+00
    122          100       1   2.031E+11   1.162E+09   4.208E+01   1.245E+00   1.072E-09   2.045E+09   1.941E+09   2.596E+08   3.636E+08   3.811E-01   7.511E-01   2.475E+00   3.247E+00
    123          101       1   2.107E+11   1.743E+09   4.772E+01   2.041E+00   1.171E-09   2.938E+09   2.589E+09   4.455E+08   7.941E+08   7.019E-01   9.003E-01   7.003E+00   1.235E+01
    124          102       1   2.157E+11   1.776E+09   5.696E+01   1.589E+00   8.951E-10   2.732E+09   2.365E+09   3.173E+08   6.849E+08   8.283E-01   9.813E-01   6.886E+00   1.305E+01
    125          103       1   1.782E+11   2.678E+09   1.182E+02   2.094E+00   7.818E-10   1.501E+09   1.120E+09   6.866E+08   1.067E+09   1.013E+00   1.072E+00   5.946E+01   7.189E+01
    126          104       1   1.996E+11   1.282E+09   6.410E+01   1.299E+00   1.013E-09   1.805E+09   1.695E+09   3.509E+08   4.614E+08   5.511E-01   7.169E-01   3.995E+01   3.148E+01
    127          105       1   1.967E+11   1.518E+09   6.177E+01   1.254E+00   8.261E-10   2.201E+09   2.020E+09   2.156E+08   3.966E+08   5.899E-01   9.140E-01   2.134E+00   4.259E+00
    128          106       1   1.658E+11   2.303E+09   9.079E+01   1.843E+00   8.003E-10   2.041E+09   1.740E+09   4.787E+08   7.791E+08   7.161E-01   9.700E-01   1.143E+01   1.532E+01
    129          107       1   1.162E+11   1.201E+09   4.060E+01   8.249E-01   6.870E-10   1.295E+09   1.134E+09   1.481E+08   3.089E+08   6.732E-01   9.501E-01   2.215E+00   4.960E+00
    130          108       1   2.154E+11   1.193E+09   3.281E+01   1.215E+00   1.018E-09   2.062E+09   1.961E+09   2.365E+08   3.370E+08   4.658E-01   7.119E-01   5.183E+00   7.430E+00
    131          109       1   1.788E+11   1.166E+09   2.526E+01   1.687E+00   1.447E-09   3.974E+09   3.826E+09   3.398E+08   4.878E+08   6.443E-01   7.566E-01   1.160E+01   1.743E+01
    132          111       1   1.414E+11   1.712E+09   9.398E+01   1.219E+00   7.122E-10   1.106E+09   8.495E+08   3.249E+08   5.817E+08   1.005E+00   1.103E+00   5.471E+01   1.486E+01
    133          113       1   1.747E+11   1.752E+09   6.982E+01   1.735E+00   9.907E-10   2.034E+09   1.873E+09   4.696E+08   6.296E+08   4.887E-01   9.339E-01   6.637E+00   7.429E+00
    134          114       1   1.910E+11   2.631E+09   1.154E+02   1.540E+00   5.854E-10   1.772E+09   1.395E+09   3.800E+08   7.570E+08   1.077E+00   1.182E+00   2.251E+01   3.510E+01
    135          115       1   1.912E+11   1.320E+09   7.806E+01   1.730E+00   1.310E-09   2.712E+09   2.635E+09   5.639E+08   6.411E+08   6.579E-01   7.609E-01   1.440E+02   1.340E+02
    136          116       1   1.682E+11   1.149E+09   3.205E+01   1.256E+00   1.093E-09   1.810E+09   1.673E+09   2.646E+08   4.019E+08   5.295E-01   7.562E-01   5.691E+00   5.261E+00
    137          117       1   1.493E+11   1.274E+09   4.125E+01   1.218E+00   9.560E-10   1.582E+09   1.422E+09   2.841E+08   4.447E+08   6.385E-01   8.183E-01   1.119E+01   1.312E+01
    138          121       1   1.639E+11   2.084E+09   6.762E+01   2.296E+00   1.102E-09   2.834E+09   2.406E+09   4.829E+08   9.109E+08   8.360E-01   1.032E+00   8.118E+00   1.505E+01
    139          122       1   1.778E+11   2.321E+09   1.032E+02   1.513E+00   6.519E-10   1.543E+09   1.217E+09   4.321E+08   7.581E+08   9.686E-01   1.072E+00   3.132E+01   4.079E+01
    140          125       1   1.445E+11   1.245E+09   3.692E+01   1.492E+00   1.198E-09   1.625E+09   1.458E+09   4.084E+08   5.748E+08   6.064E-01   7.368E-01   2.554E+01   2.981E+01
    141          126       1   1.673E+11   1.404E+09   9.293E+01   1.065E+00   7.587E-10   1.309E+09   1.164E+09   2.798E+08   4.248E+08   6.951E-01   7.981E-01   3.231E+01   2.601E+01
    142          127       1   1.709E+11   1.434E+09   8.681E+01   1.073E+00   7.482E-10   1.140E+09   9.533E+08   3.234E+08   5.102E+08   7.699E-01   8.582E-01   6.205E+01   5.636E+01
    143          129       1   1.626E+11   1.564E+09   6.245E+01   1.701E+00   1.087E-09   2.567E+09   2.282E+09   3.797E+08   6.648E+08   8.620E-01   1.078E+00   2.337E+01   1.295E+01
    144          131       1   1.706E+11   1.937E+09   1.706E+02   2.017E+00   1.041E-09   1.618E+09   1.465E+09   6.107E+08   7.634E+08   1.009E+00   1.029E+00   2.402E+02   1.514E+02
    145          133       1   1.704E+11   1.222E+09   8.436E+01   1.119E+00   9.153E-10   1.697E+09   1.594E+09   2.515E+08   3.548E+08   4.419E-01   8.219E-01   2.473E+00   3.504E+00
    146          134       1   1.550E+11   2.039E+09   6.625E+01   1.890E+00   9.270E-10   2.086E+09   1.712E+09   4.282E+08   8.020E+08   7.923E-01   1.083E+00   3.366E+00   6.663E+00
    147          135       1   1.515E+11   1.794E+09   9.085E+01   1.239E+00   6.903E-10   1.607E+09   1.336E+09   2.957E+08   5.671E+08   1.113E+00   1.170E+00   1.182E+02   4.105E+01
    148          139       1   1.308E+11   1.491E+09   4.174E+01   1.782E+00   1.196E-09   2.446E+09   2.121E+09   3.623E+08   6.875E+08   8.897E-01   1.045E+00   5.929E+00   1.350E+01
    149          145       1   1.343E+11   1.298E+09   5.285E+01   1.338E+00   1.030E-09   1.876E+09   1.678E+09   3.282E+08   5.260E+08   7.349E-01   8.774E-01   1.892E+01   2.663E+01
    150          151       1   1.431E+11   1.341E+09   7.851E+01   1.274E+00   9.502E-10   1.516E+09   1.310E+09   3.047E+08   5.107E+08   7.441E-01   8.651E-01   1.853E+01   2.289E+01
    151          154       1   1.345E+11   1.614E+09   7.232E+01   1.392E+00   8.627E-10   2.171E+09   1.859E+09   2.744E+08   5.867E+08   1.060E+00   1.186E+00   7.360E+00   1.282E+01
    152          158       1   1.109E+11   1.060E+09   2.165E+01   8.311E-01   7.839E-10   1.293E+09   1.095E+09   1.101E+08   3.082E+08   6.842E-01   9.500E-01   1.621E+00   4.332E+00
    153          160       1   1.412E+11   1.327E+09   6.980E+01   1.095E+00   8.254E-10   1.381E+09   1.121E+09   2.409E+08   5.007E+08   9.411E-01   1.076E+00   1.309E+01   1.937E+01
    154          162       1   1.166E+11   1.217E+09   3.832E+01   1.254E+00   1.031E-09   1.962E+09   1.744E+09   2.497E+08   4.679E+08   6.595E-01   9.042E-01   4.857E+00   7.448E+00
    155          167       1   1.171E+11   1.161E+09   2.453E+01   1.870E+00   1.610E-09   2.390E+09   2.258E+09   4.263E+08   5.583E+08   4.553E-01   7.085E-01   5.535E+00   6.978E+00
    156          168       1   1.131E+11   1.173E+09   6.952E+01   7.047E-01   6.007E-10   6.549E+08   5.097E+08   1.972E+08   3.424E+08   7.862E-01   9.719E-01   1.336E+01   1.849E+01
    157          184       1   1.121E+11   1.085E+09   5.802E+01   6.601E-01   6.086E-10   1.261E+09   1.091E+09   1.372E+08   3.071E+08   8.267E-01   9.817E-01   1.097E+01   1.693E+01
    158          243       1   9.239E+10   1.013E+09   6.187E+01   6.607E-01   6.523E-10   7.907E+08   6.363E+08   1.347E+08   2.891E+08   7.514E-01   9.275E-01   8.806E+00   1.530E+01
    159          244       1   9.276E+10   1.214E+09   6.095E+01   8.133E-01   6.699E-10   7.915E+08   6.200E+08   2.175E+08   3.889E+08   8.104E-01   9.494E-01   1.802E+01   2.714E+01
