#1.412537544622755423e+07 4.238433047066402226e-01 2.707922695233601074e-01 1.573592460242400626e-01 1.121403296145600387e-01 8.279352616392002262e-02 2.057239866240000506e-03 8.282124874183115215e-02
#2.818382931264449283e+07 4.862085773781601450e-01 4.201036024161601823e-01 2.636749576094400971e-01 1.830286178978400846e-01 1.258744814121600664e-01 3.690116352000001425e-03 7.184072035694620550e-02
#5.623413251903490722e+07 3.837455778967200914e-01 4.549959588470401939e-01 3.612301023427200719e-01 2.487311395452000695e-01 1.668728272442400740e-01 6.620299367760002635e-03 6.336892429198225096e-02
1.122018454301965237e+08 2.563074096804001112e-01 3.694786655508001116e-01 3.801661650352801125e-01 2.825141547477600934e-01 1.868882489697600569e-01 1.238610616776000643e-02 5.407283046475853949e-02
2.238721138568337858e+08 1.438776365644800770e-01 2.313945116589601059e-01 2.774736864432000849e-01 2.299957269292800810e-01 1.572174071769600612e-01 2.087337377736000685e-02 4.375670261734718874e-02
4.466835921509634852e+08 7.202876486832002212e-02 1.248227982518400614e-01 1.644558010336800713e-01 1.515254027040000562e-01 1.109145190888800314e-01 2.746484411112001117e-02 3.546134486938866404e-02
8.912509381337441206e+08 3.366885222792001531e-02 6.155805971952001826e-02 8.686303260336003529e-02 8.876920833144004430e-02 7.143949941336003029e-02 1.982515010112000792e-02 2.870982239522766599e-02
1.778279410038922787e+09 1.443527390448000672e-02 2.789612645976000810e-02 4.088879550288001402e-02 4.513473563040001912e-02 3.705568714224001525e-02 1.164001076784000610e-02 2.413896724530569318e-02
3.548133892335760593e+09 5.302235933280001652e-03 1.126523332584000378e-02 1.827760755600000772e-02 1.952071550208000703e-02 1.755688170600000833e-02 9.075379903200004109e-03 1.668169150312296886e-02
7.079457843841373444e+09 1.940770568880000697e-03 4.333580390880002048e-03 7.530143680800002737e-03 9.533184963120003991e-03 9.189542877840004009e-03 5.945699972160002275e-03 1.146573375664988043e-02
1.412537544622755432e+10 6.861310092000003340e-04 1.735507846800000845e-03 3.204635419440000910e-03 4.636861828560001793e-03 4.621870730880002498e-03 3.459484080000001498e-03 7.732960612503708003e-03
2.818382931264449310e+10 3.148130512800001533e-04 8.175914042400003051e-04 1.631723324400000423e-03 2.512738603440001130e-03 2.676487516560000900e-03 2.096447352480000897e-03 4.755564013037039649e-03
5.623413251903490448e+10 1.314603950400000524e-04 4.070659600800002214e-04 9.006190221600002526e-04 1.343432984400000623e-03 1.532551447440000901e-03 1.228116848400000443e-03 3.095941093704692934e-03
1.122018454301965332e+11 3.690116352000001506e-05 1.510641381600000852e-04 3.747774420000000973e-04 6.803652024000003467e-04 8.164382428800003510e-04 5.223820960800002388e-04 1.783681110976790976e-03
2.238721138568337708e+11 3.459484080000001200e-06 4.036064760000001287e-05 1.349198791200000502e-04 2.940561468000001122e-04 3.920748624000001676e-04 1.083971678400000353e-04 8.215409135565436170e-04
4.466835921509635010e+11 0.000000000000000000e+00 4.612645440000001883e-06 4.382013168000001746e-05 1.153161360000000445e-04 1.902716244000000694e-04 9.225290880000003765e-06 3.556334827140741721e-04
8.912509381337440186e+11 0.000000000000000000e+00 0.000000000000000000e+00 5.765806800000002565e-06 3.574800216000001353e-05 9.455923152000004410e-05 5.765806800000002565e-06 1.047602507219753601e-04
1.778279410038922852e+12 0.000000000000000000e+00 0.000000000000000000e+00 1.153161360000000471e-06 1.153161360000000513e-05 3.228851808000000894e-05 5.765806800000002565e-06 2.205478962567902068e-05
3.548133892335746094e+12 0.000000000000000000e+00 0.000000000000000000e+00 0.000000000000000000e+00 1.153161360000000471e-06 1.499109768000000464e-05 0 1.102739481283951034e-05
7.079457843841373047e+12 0.000000000000000000e+00 0.000000000000000000e+00 0.000000000000000000e+00 0.000000000000000000e+00 2.306322720000000941e-06 0 0.000000000000000000e+00
