# Eagle project data for plots. Eagle cosmogony is assumed.
# Bin centre [Msun], dn/dlog10M 30kpc 3d-aperture [Mpc^-3], dn/dlog10M no aperture [Mpc^-3]
   1.8079525e+08     0.029760000     0.028480000      93.0000      89.0000
   2.8654116e+08     0.031680000     0.032320000      99.0000      101.000
   4.5413714e+08     0.023680000     0.024320000      74.0000      76.0000
   7.1975887e+08     0.016640000     0.016000000      52.0000      50.0000
   1.1407409e+09     0.021120000     0.021120000      66.0000      66.0000
   1.8079526e+09     0.014400000     0.015040000      45.0000      47.0000
   2.8654117e+09    0.0086400000    0.0086400000      27.0000      27.0000
   4.5413716e+09    0.0070400000    0.0070400000      22.0000      22.0000
   7.1975889e+09     0.012160000     0.011520000      38.0000      36.0000
   1.1407410e+10    0.0089600000    0.0092800000      28.0000      29.0000
   1.8079526e+10    0.0076800000    0.0067200000      24.0000      21.0000
   2.8654118e+10    0.0051200000    0.0048000000      16.0000      15.0000
   4.5413717e+10    0.0032000000    0.0032000000      10.0000      10.0000
   7.1975892e+10   0.00096000000    0.0022400000      3.00000      7.00000

