# Eagle project data for plots. Eagle cosmogony is assumed.
# Bin centre [Msun], dn/dlog10M 30kpc 3d-aperture [Mpc^-3], dn/dlog10M no aperture [Mpc^-3], N_030kpc, N_NoAp
   1.8079525e+08     0.034820000     0.034920000      6964.00      6984.00
   2.8654116e+08     0.026620000     0.026750000      5324.00      5350.00
   4.5413714e+08     0.020735000     0.020790000      4147.00      4158.00
   7.1975887e+08     0.017055000     0.017105000      3411.00      3421.00
   1.1407409e+09     0.014390000     0.014540000      2878.00      2908.00
   1.8079526e+09     0.011970000     0.011935000      2394.00      2387.00
   2.8654117e+09     0.010175000     0.010190000      2035.00      2038.00
   4.5413716e+09    0.0080150000    0.0080750000      1603.00      1615.00
   7.1975889e+09    0.0064100000    0.0064200000      1282.00      1284.00
   1.1407410e+10    0.0055700000    0.0054100000      1114.00      1082.00
   1.8079526e+10    0.0046950000    0.0046900000      939.000      938.000
   2.8654118e+10    0.0036950000    0.0035750000      739.000      715.000
   4.5413717e+10    0.0026450000    0.0026250000      529.000      525.000
   7.1975892e+10    0.0015650000    0.0016050000      313.000      321.000
   1.1407410e+11   0.00080000000   0.00086500000      160.000      173.000
   1.8079527e+11   0.00025500000   0.00047500000      51.0000      95.0000
   2.8654119e+11   0.00011000000   0.00021500000      22.0000      43.0000
   4.5413719e+11   2.0000000e-05   0.00010000000      4.00000      20.0000

