# Eagle project data for plots. Eagle cosmogony is assumed.
# Bin centre [Msun], dn/dlog10M 30kpc 3d-aperture [Mpc^-3], dn/dlog10M no aperture [Mpc^-3], N_030kpc, N_NoAp
   1.8079525e+08     0.016445000     0.016435000      3289.00      3287.00
   2.8654116e+08     0.011110000     0.011145000      2222.00      2229.00
   4.5413714e+08    0.0073250000    0.0073600000      1465.00      1472.00
   7.1975887e+08    0.0051000000    0.0050800000      1020.00      1016.00
   1.1407409e+09    0.0034400000    0.0034700000      688.000      694.000
   1.8079526e+09    0.0023500000    0.0023500000      470.000      470.000
   2.8654117e+09    0.0012050000    0.0012450000      241.000      249.000
   4.5413716e+09   0.00084000000   0.00083500000      168.000      167.000
   7.1975889e+09   0.00081500000   0.00081500000      163.000      163.000
   1.1407410e+10   0.00055500000   0.00055500000      111.000      111.000
   1.8079526e+10   0.00036500000   0.00037500000      73.0000      75.0000
   2.8654118e+10   0.00012500000   0.00013500000      25.0000      27.0000
   4.5413717e+10   7.5000000e-05   8.0000000e-05      15.0000      16.0000
   7.1975892e+10   1.5000000e-05   1.5000000e-05      3.00000      3.00000

