# Eagle project data for plots. Eagle cosmogony is assumed.
# Bin centre [Msun], dn/dlog10M 30kpc 3d-aperture [Mpc^-3], dn/dlog10M no aperture [Mpc^-3], N_030kpc, N_NoAp
   1.8079525e+08     0.034765000     0.034785000      6953.00      6957.00
   2.8654116e+08     0.026845000     0.026910000      5369.00      5382.00
   4.5413714e+08     0.019855000     0.019835000      3971.00      3967.00
   7.1975887e+08     0.014720000     0.014750000      2944.00      2950.00
   1.1407409e+09     0.011160000     0.011215000      2232.00      2243.00
   1.8079526e+09    0.0088650000    0.0088650000      1773.00      1773.00
   2.8654117e+09    0.0064000000    0.0064150000      1280.00      1283.00
   4.5413716e+09    0.0044300000    0.0045100000      886.000      902.000
   7.1975889e+09    0.0033200000    0.0033700000      664.000      674.000
   1.1407410e+10    0.0031900000    0.0030600000      638.000      612.000
   1.8079526e+10    0.0024000000    0.0025150000      480.000      503.000
   2.8654118e+10    0.0015250000    0.0014650000      305.000      293.000
   4.5413717e+10   0.00075000000   0.00080500000      150.000      161.000
   7.1975892e+10   0.00030500000   0.00035500000      61.0000      71.0000
   1.1407410e+11   9.5000000e-05   0.00014500000      19.0000      29.0000
   1.8079527e+11   2.0000000e-05   5.5000000e-05      4.00000      11.0000

