# Eagle project data for plots. Eagle cosmogony is assumed.
# Bin centre [Msun], dn/dlog10M 30kpc 3d-aperture [Mpc^-3], dn/dlog10M no aperture [Mpc^-3], N_030kpc, N_NoAp
   1.8079525e+08     0.039075000     0.039195000      7815.00      7839.00
   2.8654116e+08     0.029960000     0.030045000      5992.00      6009.00
   4.5413714e+08     0.023710000     0.023630000      4742.00      4726.00
   7.1975887e+08     0.018615000     0.018795000      3723.00      3759.00
   1.1407409e+09     0.015435000     0.015465000      3087.00      3093.00
   1.8079526e+09     0.012060000     0.012075000      2412.00      2415.00
   2.8654117e+09    0.0094350000    0.0095100000      1887.00      1902.00
   4.5413716e+09    0.0072550000    0.0071800000      1451.00      1436.00
   7.1975889e+09    0.0061250000    0.0061850000      1225.00      1237.00
   1.1407410e+10    0.0049550000    0.0048800000      991.000      976.000
   1.8079526e+10    0.0042700000    0.0042600000      854.000      852.000
   2.8654118e+10    0.0031150000    0.0029900000      623.000      598.000
   4.5413717e+10    0.0021600000    0.0021100000      432.000      422.000
   7.1975892e+10   0.00090000000    0.0010900000      180.000      218.000
   1.1407410e+11   0.00046500000   0.00053500000      93.0000      107.000
   1.8079527e+11   0.00011500000   0.00025500000      23.0000      51.0000
   2.8654119e+11   2.5000000e-05   8.5000000e-05      5.00000      17.0000

